#Layer_Color=32768
#
#Feature symbol names
#
$0 r1.9685
$1 r3.937

#
#Feature attribute names
#

#
#Layer features
#
L 0.0135039 1.5042519 0.0135039 1.535748 0 P 0
L 0.0135039 1.5042519 0.076496 1.5042519 0 P 0
L 0.0135039 1.535748 0.076496 1.535748 0 P 0
L 0.013504 1.464252 0.013504 1.4957481 0 P 0
L 0.013504 1.464252 0.0764961 1.464252 0 P 0
L 0.013504 1.4957481 0.0764961 1.4957481 0 P 0
L 0.0341732 1.52 0.0558267 1.52 0 P 0
L 0.0341733 1.48 0.0558268 1.48 0 P 0
L 0.0351741 1.055 0.0351741 1.305 0 P 0
L 0.0351741 1.055 0.1808434 1.055 0 P 0
L 0.0351741 1.305 0.1808434 1.305 0 P 0
L 0.043504 1.424252 0.043504 1.4557481 0 P 0
L 0.043504 1.424252 0.1064961 1.424252 0 P 0
L 0.043504 1.4557481 0.1064961 1.4557481 0 P 0
L 0.045 1.4691733 0.045 1.4908268 0 P 0
L 0.045 1.5091732 0.045 1.5308267 0 P 0
L 0.048504 0.249252 0.048504 0.2807481 0 P 0
L 0.048504 0.249252 0.1114961 0.249252 0 P 0
L 0.048504 0.2807481 0.1114961 0.2807481 0 P 0
L 0.0641733 1.44 0.0858268 1.44 0 P 0
L 0.0691733 0.265 0.0908268 0.265 0 P 0
L 0.069252 0.423504 0.069252 0.4864961 0 P 0
L 0.069252 0.423504 0.1007481 0.423504 0 P 0
L 0.069252 0.4864961 0.1007481 0.4864961 0 P 0
L 0.0741733 0.455 0.0958268 0.455 0 P 0
L 0.075 1.4291733 0.075 1.4508268 0 P 0
L 0.076496 1.5042519 0.076496 1.535748 0 P 0
L 0.0764961 1.464252 0.0764961 1.4957481 0 P 0
L 0.078504 1.029252 0.078504 1.0607481 0 P 0
L 0.078504 1.029252 0.1414961 1.029252 0 P 0
L 0.078504 1.0607481 0.1414961 1.0607481 0 P 0
L 0.08 0.2541733 0.08 0.2758268 0 P 0
L 0.085 0.4441733 0.085 0.4658268 0 P 0
L 0.0850394 1.5069291 0.0850394 1.7431496 0 P 0
L 0.0850394 1.5069291 0.2149606 1.5069291 0 P 0
L 0.0850394 1.7431496 0.2149606 1.7431496 0 P 0
L 0.0853149 1.32 0.124685 1.32 1 P 0
L 0.0883237 1.18 0.1276938 1.18 1 P 0
L 0.098189 1.045 0.1218111 1.045 0 P 0
L 0.1007481 0.423504 0.1007481 0.4864961 0 P 0
L 0.105 1.300315 0.105 1.3396851 1 P 0
L 0.1064961 1.424252 0.1064961 1.4557481 0 P 0
L 0.1080088 1.1603149 0.1080088 1.199685 1 P 0
L 0.11 1.033189 0.11 1.056811 0 P 0
L 0.1114961 0.249252 0.1114961 0.2807481 0 P 0
L 0.1237795 1.9295669 0.1237795 2.0004331 0 P 0
L 0.1237795 1.9295669 0.2962205 1.9295669 0 P 0
L 0.1237795 2.0004331 0.2962205 2.0004331 0 P 0
L 0.1247244 1.4183464 0.1247244 1.4616535 0 P 0
L 0.1247244 1.4183464 0.2152755 1.4183464 0 P 0
L 0.1247244 1.4616535 0.2152755 1.4616535 0 P 0
L 0.130315 1.6250393 0.1696851 1.6250393 1 P 0
L 0.1322607 1.158504 0.1322607 1.2214961 0 P 0
L 0.1322607 1.158504 0.1637568 1.158504 0 P 0
L 0.1322607 1.2214961 0.1637568 1.2214961 0 P 0
L 0.137182 1.19 0.1588355 1.19 0 P 0
L 0.1414961 1.029252 0.1414961 1.0607481 0 P 0
L 0.1435039 1.474252 0.1435039 1.5057481 0 P 0
L 0.1435039 1.474252 0.206496 1.474252 0 P 0
L 0.1435039 1.5057481 0.206496 1.5057481 0 P 0
L 0.1480088 1.1791733 0.1480088 1.2008268 0 P 0
L 0.1492519 0.7535039 0.1492519 0.816496 0 P 0
L 0.1492519 0.7535039 0.180748 0.7535039 0 P 0
L 0.1492519 0.816496 0.180748 0.816496 0 P 0
L 0.149252 0.423504 0.149252 0.4864961 0 P 0
L 0.149252 0.423504 0.1807481 0.423504 0 P 0
L 0.149252 0.4864961 0.1807481 0.4864961 0 P 0
L 0.15 1.6053543 0.15 1.6447244 1 P 0
L 0.1512992 1.4399999 0.1887007 1.4399999 0 P 0
L 0.1541732 0.785 0.1758267 0.785 0 P 0
L 0.1541733 0.455 0.1758268 0.455 0 P 0
L 0.1631889 1.49 0.186811 1.49 0 P 0
L 0.1637568 1.158504 0.1637568 1.2214961 0 P 0
L 0.165 0.4441733 0.165 0.4658268 0 P 0
L 0.165 0.7741732 0.165 0.7958267 0 P 0
L 0.1699999 1.4212991 0.1699999 1.4587007 0 P 0
L 0.175 1.478189 0.175 1.501811 0 P 0
L 0.180748 0.7535039 0.180748 0.816496 0 P 0
L 0.1807481 0.423504 0.1807481 0.4864961 0 P 0
L 0.1808434 1.055 0.1808434 1.305 0 P 0
L 0.189252 0.9185039 0.189252 0.981496 0 P 0
L 0.189252 0.9185039 0.2207481 0.9185039 0 P 0
L 0.189252 0.981496 0.2207481 0.981496 0 P 0
L 0.190315 1.965 0.229685 1.965 1 P 0
L 0.193189 0.95 0.216811 0.95 0 P 0
L 0.204252 0.8057874 0.204252 0.8687795 0 P 0
L 0.204252 0.8057874 0.2357481 0.8057874 0 P 0
L 0.204252 0.8687795 0.2357481 0.8687795 0 P 0
L 0.205 0.9381889 0.205 0.961811 0 P 0
L 0.206496 1.474252 0.206496 1.5057481 0 P 0
L 0.2091733 0.8372835 0.2308268 0.8372835 0 P 0
L 0.21 1.945315 0.21 1.984685 1 P 0
L 0.2142519 0.719252 0.2142519 0.7822441 0 P 0
L 0.2142519 0.719252 0.245748 0.719252 0 P 0
L 0.2142519 0.7822441 0.245748 0.7822441 0 P 0
L 0.2149606 1.5069291 0.2149606 1.7431496 0 P 0
L 0.2152755 1.4183464 0.2152755 1.4616535 0 P 0
L 0.218189 0.750748 0.241811 0.750748 0 P 0
L 0.22 0.8264567 0.22 0.8481102 0 P 0
L 0.2207481 0.9185039 0.2207481 0.981496 0 P 0
L 0.23 0.738937 0.23 0.7625591 0 P 0
L 0.2317323 1.4850788 0.2317323 1.7449213 0 P 0
L 0.2317323 1.4850788 0.4482677 1.4850788 0 P 0
L 0.2317323 1.7449213 0.4482677 1.7449213 0 P 0
L 0.2357481 0.8057874 0.2357481 0.8687795 0 P 0
L 0.244252 0.8057874 0.244252 0.8687795 0 P 0
L 0.244252 0.8057874 0.2757481 0.8057874 0 P 0
L 0.244252 0.8687795 0.2757481 0.8687795 0 P 0
L 0.245748 0.719252 0.245748 0.7822441 0 P 0
L 0.2480315 0.3530315 0.2480315 0.8569685 0 P 0
L 0.2480315 0.3530315 0.7519685 0.3530315 0 P 0
L 0.2480315 0.8569685 0.7519685 0.8569685 0 P 0
L 0.2491733 0.8372835 0.2708268 0.8372835 0 P 0
L 0.26 0.8264567 0.26 0.8481102 0 P 0
L 0.2627559 0.809252 0.2627559 0.8407481 0 P 0
L 0.2627559 0.809252 0.325748 0.809252 0 P 0
L 0.2627559 0.8407481 0.325748 0.8407481 0 P 0
L 0.264252 0.7207874 0.264252 0.7837795 0 P 0
L 0.264252 0.7207874 0.2957481 0.7207874 0 P 0
L 0.264252 0.7837795 0.2957481 0.7837795 0 P 0
L 0.264252 0.918504 0.264252 0.9814961 0 P 0
L 0.264252 0.918504 0.2957481 0.918504 0 P 0
L 0.264252 0.9814961 0.2957481 0.9814961 0 P 0
L 0.268189 0.95 0.291811 0.95 0 P 0
L 0.2691733 0.7522835 0.2908268 0.7522835 0 P 0
L 0.2757481 0.8057874 0.2757481 0.8687795 0 P 0
L 0.28 0.7414567 0.28 0.7631102 0 P 0
L 0.28 0.938189 0.28 0.9618111 0 P 0
L 0.2824409 0.825 0.306063 0.825 0 P 0
L 0.2942519 0.813189 0.2942519 0.836811 0 P 0
L 0.2957481 0.7207874 0.2957481 0.7837795 0 P 0
L 0.2957481 0.918504 0.2957481 0.9814961 0 P 0
L 0.2962205 1.9295669 0.2962205 2.0004331 0 P 0
L 0.320315 1.615 0.359685 1.615 1 P 0
L 0.325748 0.809252 0.325748 0.8407481 0 P 0
L 0.34 1.595315 0.34 1.6346851 1 P 0
L 0.3435039 0.2892519 0.3435039 0.320748 0 P 0
L 0.3435039 0.2892519 0.406496 0.2892519 0 P 0
L 0.3435039 0.320748 0.406496 0.320748 0 P 0
L 0.3585039 0.3242519 0.3585039 0.355748 0 P 0
L 0.3585039 0.3242519 0.421496 0.3242519 0 P 0
L 0.3585039 0.355748 0.421496 0.355748 0 P 0
L 0.3631889 0.305 0.386811 0.305 0 P 0
L 0.375 0.293189 0.375 0.316811 0 P 0
L 0.3781889 0.34 0.401811 0.34 0 P 0
L 0.3862205 0.2042519 0.3862205 0.235748 0 P 0
L 0.3862205 0.2042519 0.4492126 0.2042519 0 P 0
L 0.3862205 0.235748 0.4492126 0.235748 0 P 0
L 0.39 0.328189 0.39 0.351811 0 P 0
L 0.4012598 0.2728906 0.4012598 0.3831268 0 P 0
L 0.4012598 0.2728906 0.5587401 0.2728906 0 P 0
L 0.4012598 0.3831268 0.5587401 0.3831268 0 P 0
L 0.4033071 0.3950167 0.4033071 0.5210009 0 P 0
L 0.4033071 0.3950167 0.5166929 0.3950167 0 P 0
L 0.4033071 0.5210009 0.5166929 0.5210009 0 P 0
L 0.406496 0.2892519 0.406496 0.320748 0 P 0
L 0.4068898 0.22 0.4285433 0.22 0 P 0
L 0.4135039 0.524252 0.4135039 0.5557481 0 P 0
L 0.4135039 0.524252 0.476496 0.524252 0 P 0
L 0.4135039 0.5557481 0.476496 0.5557481 0 P 0
L 0.4177165 0.2091732 0.4177165 0.2308267 0 P 0
L 0.421496 0.3242519 0.421496 0.355748 0 P 0
L 0.4331889 0.54 0.456811 0.54 0 P 0
L 0.440315 0.4580088 0.479685 0.4580088 1 P 0
L 0.445 0.528189 0.445 0.551811 0 P 0
L 0.4470867 0.2695669 0.4470867 0.3404331 0 P 0
L 0.4470867 0.2695669 0.5829134 0.2695669 0 P 0
L 0.4470867 0.3404331 0.5829134 0.3404331 0 P 0
L 0.4482677 1.4850788 0.4482677 1.7449213 0 P 0
L 0.4492126 0.2042519 0.4492126 0.235748 0 P 0
L 0.46 0.4383238 0.46 0.4776938 1 P 0
L 0.460315 0.3280087 0.499685 0.3280087 1 P 0
L 0.4657874 0.2042519 0.4657874 0.235748 0 P 0
L 0.4657874 0.2042519 0.5287795 0.2042519 0 P 0
L 0.4657874 0.235748 0.5287795 0.235748 0 P 0
L 0.4692519 0.918504 0.4692519 0.9814961 0 P 0
L 0.4692519 0.918504 0.500748 0.918504 0 P 0
L 0.4692519 0.9814961 0.500748 0.9814961 0 P 0
L 0.469252 0.8585039 0.469252 0.921496 0 P 0
L 0.469252 0.8585039 0.5007481 0.8585039 0 P 0
L 0.469252 0.921496 0.5007481 0.921496 0 P 0
L 0.473189 0.89 0.496811 0.89 0 P 0
L 0.473189 0.95 0.496811 0.95 0 P 0
L 0.476496 0.524252 0.476496 0.5557481 0 P 0
L 0.48 0.3083237 0.48 0.3476937 1 P 0
L 0.4803149 0.605 0.519685 0.605 1 P 0
L 0.4835039 1.5042519 0.4835039 1.535748 0 P 0
L 0.4835039 1.5042519 0.546496 1.5042519 0 P 0
L 0.4835039 1.535748 0.546496 1.535748 0 P 0
L 0.483504 1.464252 0.483504 1.4957481 0 P 0
L 0.483504 1.464252 0.5464961 1.464252 0 P 0
L 0.483504 1.4957481 0.5464961 1.4957481 0 P 0
L 0.485 0.8781889 0.485 0.901811 0 P 0
L 0.485 0.938189 0.485 0.9618111 0 P 0
L 0.4864567 0.22 0.5081102 0.22 0 P 0
L 0.495315 0.305 0.5346851 0.305 1 P 0
L 0.4972834 0.2091732 0.4972834 0.2308267 0 P 0
L 0.5 0.585315 0.5 0.6246851 1 P 0
L 0.500748 0.918504 0.500748 0.9814961 0 P 0
L 0.5007481 0.8585039 0.5007481 0.921496 0 P 0
L 0.5041732 1.52 0.5258267 1.52 0 P 0
L 0.5041733 1.48 0.5258268 1.48 0 P 0
L 0.5051741 1.055 0.5051741 1.305 0 P 0
L 0.5051741 1.055 0.6508434 1.055 0 P 0
L 0.5051741 1.305 0.6508434 1.305 0 P 0
L 0.513504 1.424252 0.513504 1.4557481 0 P 0
L 0.513504 1.424252 0.5764961 1.424252 0 P 0
L 0.513504 1.4557481 0.5764961 1.4557481 0 P 0
L 0.515 0.285315 0.515 0.324685 1 P 0
L 0.515 1.4691733 0.515 1.4908268 0 P 0
L 0.515 1.5091732 0.515 1.5308267 0 P 0
L 0.5166929 0.3950167 0.5166929 0.5210009 0 P 0
L 0.5192519 0.4665127 0.5192519 0.5295048 0 P 0
L 0.5192519 0.4665127 0.550748 0.4665127 0 P 0
L 0.5192519 0.5295048 0.550748 0.5295048 0 P 0
L 0.523189 0.4980088 0.546811 0.4980088 0 P 0
L 0.5287795 0.2042519 0.5287795 0.235748 0 P 0
L 0.5341733 1.44 0.5558268 1.44 0 P 0
L 0.535 0.4861977 0.535 0.5098198 0 P 0
L 0.545 1.4291733 0.545 1.4508268 0 P 0
L 0.546496 1.5042519 0.546496 1.535748 0 P 0
L 0.5464961 1.464252 0.5464961 1.4957481 0 P 0
L 0.548504 1.029252 0.548504 1.0607481 0 P 0
L 0.548504 1.029252 0.6114961 1.029252 0 P 0
L 0.548504 1.0607481 0.6114961 1.0607481 0 P 0
L 0.550748 0.4665127 0.550748 0.5295048 0 P 0
L 0.5553149 1.32 0.594685 1.32 1 P 0
L 0.5583237 1.18 0.5976938 1.18 1 P 0
L 0.5587401 0.2728906 0.5587401 0.3831268 0 P 0
L 0.568189 1.045 0.5918111 1.045 0 P 0
L 0.569252 0.859252 0.569252 0.9222441 0 P 0
L 0.569252 0.859252 0.6007481 0.859252 0 P 0
L 0.569252 0.9222441 0.6007481 0.9222441 0 P 0
L 0.573189 0.8907481 0.596811 0.8907481 0 P 0
L 0.5748819 0.271378 0.5748819 0.4288583 0 P 0
L 0.5748819 0.271378 0.6851181 0.271378 0 P 0
L 0.5748819 0.4288583 0.6851181 0.4288583 0 P 0
L 0.575 1.300315 0.575 1.3396851 1 P 0
L 0.5764961 1.424252 0.5764961 1.4557481 0 P 0
L 0.5780088 1.1603149 0.5780088 1.199685 1 P 0
L 0.5785039 1.0192519 0.5785039 1.050748 0 P 0
L 0.5785039 1.0192519 0.641496 1.0192519 0 P 0
L 0.5785039 1.050748 0.641496 1.050748 0 P 0
L 0.578504 1.059252 0.578504 1.0907481 0 P 0
L 0.578504 1.059252 0.6414961 1.059252 0 P 0
L 0.578504 1.0907481 0.6414961 1.0907481 0 P 0
L 0.58 1.033189 0.58 1.056811 0 P 0
L 0.5829134 0.2695669 0.5829134 0.3404331 0 P 0
L 0.585 0.878937 0.585 0.9025591 0 P 0
L 0.5937795 1.9295669 0.5937795 2.0004331 0 P 0
L 0.5937795 1.9295669 0.7662205 1.9295669 0 P 0
L 0.5937795 2.0004331 0.7662205 2.0004331 0 P 0
L 0.5947244 1.4183464 0.5947244 1.4616535 0 P 0
L 0.5947244 1.4183464 0.6852755 1.4183464 0 P 0
L 0.5947244 1.4616535 0.6852755 1.4616535 0 P 0
L 0.5991732 1.035 0.6208267 1.035 0 P 0
L 0.5991733 1.075 0.6208268 1.075 0 P 0
L 0.6007481 0.859252 0.6007481 0.9222441 0 P 0
L 0.6022607 1.158504 0.6022607 1.2214961 0 P 0
L 0.6022607 1.158504 0.6337568 1.158504 0 P 0
L 0.6022607 1.2214961 0.6337568 1.2214961 0 P 0
L 0.607182 1.19 0.6288355 1.19 0 P 0
L 0.61 1.0241732 0.61 1.0458267 0 P 0
L 0.61 1.0641733 0.61 1.0858268 0 P 0
L 0.610315 0.3501181 0.649685 0.3501181 1 P 0
L 0.6114961 1.029252 0.6114961 1.0607481 0 P 0
L 0.6135039 1.474252 0.6135039 1.5057481 0 P 0
L 0.6135039 1.474252 0.676496 1.474252 0 P 0
L 0.6135039 1.5057481 0.676496 1.5057481 0 P 0
L 0.6180088 1.1791733 0.6180088 1.2008268 0 P 0
L 0.6212992 1.4399999 0.6587007 1.4399999 0 P 0
L 0.63 0.3304331 0.63 0.3698031 1 P 0
L 0.6331889 1.49 0.656811 1.49 0 P 0
L 0.6337568 1.158504 0.6337568 1.2214961 0 P 0
L 0.6399999 1.4212991 0.6399999 1.4587007 0 P 0
L 0.641496 1.0192519 0.641496 1.050748 0 P 0
L 0.6414961 1.059252 0.6414961 1.0907481 0 P 0
L 0.645 1.478189 0.645 1.501811 0 P 0
L 0.6508434 1.055 0.6508434 1.305 0 P 0
L 0.660315 1.965 0.699685 1.965 1 P 0
L 0.676496 1.474252 0.676496 1.5057481 0 P 0
L 0.68 1.945315 0.68 1.984685 1 P 0
L 0.6851181 0.271378 0.6851181 0.4288583 0 P 0
L 0.6852755 1.4183464 0.6852755 1.4616535 0 P 0
L 0.7017324 1.4850788 0.7017324 1.7449213 0 P 0
L 0.7017324 1.4850788 0.9182678 1.4850788 0 P 0
L 0.7017324 1.7449213 0.9182678 1.7449213 0 P 0
L 0.7075985 0.4903151 0.7075985 0.5296852 0 P 0
L 0.7075985 0.4903151 0.7824016 0.4903151 0 P 0
L 0.7075985 0.5296852 0.7824016 0.5296852 0 P 0
L 0.7341733 0.5100001 0.7558268 0.5100001 0 P 0
L 0.745 0.4991734 0.745 0.5208269 0 P 0
L 0.7519685 0.3530315 0.7519685 0.8569685 0 P 0
L 0.7522608 0.4685039 0.7522608 0.531496 0 P 0
L 0.7522608 0.4685039 0.7837569 0.4685039 0 P 0
L 0.7522608 0.531496 0.7837569 0.531496 0 P 0
L 0.7561978 0.5 0.7798198 0.5 0 P 0
L 0.7565127 0.5342519 0.7565127 0.565748 0 P 0
L 0.7565127 0.5342519 0.8195048 0.5342519 0 P 0
L 0.7565127 0.565748 0.8195048 0.565748 0 P 0
L 0.7585039 0.4392519 0.7585039 0.470748 0 P 0
L 0.7585039 0.4392519 0.821496 0.4392519 0 P 0
L 0.7585039 0.470748 0.821496 0.470748 0 P 0
L 0.764252 0.699252 0.764252 0.7622441 0 P 0
L 0.764252 0.699252 0.7957481 0.699252 0 P 0
L 0.764252 0.7622441 0.7957481 0.7622441 0 P 0
L 0.7662205 1.9295669 0.7662205 2.0004331 0 P 0
L 0.7680088 0.4881889 0.7680088 0.511811 0 P 0
L 0.768189 0.7307481 0.791811 0.7307481 0 P 0
L 0.7761977 0.55 0.7998198 0.55 0 P 0
L 0.7775984 0.4903148 0.7775984 0.5296849 0 P 0
L 0.7775984 0.4903148 0.8524015 0.4903148 0 P 0
L 0.7775984 0.5296849 0.8524015 0.5296849 0 P 0
L 0.7781889 0.455 0.801811 0.455 0 P 0
L 0.78 0.718937 0.78 0.7425591 0 P 0
L 0.7824016 0.4903151 0.7824016 0.5296852 0 P 0
L 0.7837569 0.4685039 0.7837569 0.531496 0 P 0
L 0.7880088 0.538189 0.7880088 0.561811 0 P 0
L 0.79 0.443189 0.79 0.466811 0 P 0
L 0.7903151 1.615 0.8296851 1.615 1 P 0
L 0.794252 0.813504 0.794252 0.8764961 0 P 0
L 0.794252 0.813504 0.8257481 0.813504 0 P 0
L 0.794252 0.8764961 0.8257481 0.8764961 0 P 0
L 0.7957481 0.699252 0.7957481 0.7622441 0 P 0
L 0.7991733 0.845 0.8208268 0.845 0 P 0
L 0.8041732 0.5099999 0.8258267 0.5099999 0 P 0
L 0.81 0.8341733 0.81 0.8558268 0 P 0
L 0.8100001 1.595315 0.8100001 1.6346851 1 P 0
L 0.8142519 0.6835039 0.8142519 0.746496 0 P 0
L 0.8142519 0.6835039 0.845748 0.6835039 0 P 0
L 0.8142519 0.746496 0.845748 0.746496 0 P 0
L 0.815 0.4991731 0.815 0.5208266 0 P 0
L 0.8191732 0.715 0.8408267 0.715 0 P 0
L 0.8195048 0.5342519 0.8195048 0.565748 0 P 0
L 0.821496 0.4392519 0.821496 0.470748 0 P 0
L 0.8257481 0.813504 0.8257481 0.8764961 0 P 0
L 0.83 0.7041732 0.83 0.7258267 0 P 0
L 0.8376348 0.7570866 0.8376348 0.8929134 0 P 0
L 0.8376348 0.7570866 0.9439341 0.7570866 0 P 0
L 0.8376348 0.8929134 0.9439341 0.8929134 0 P 0
L 0.8420866 0.6518503 0.8420866 0.7581496 0 P 0
L 0.8420866 0.6518503 0.9779134 0.6518503 0 P 0
L 0.8420866 0.7581496 0.9779134 0.7581496 0 P 0
L 0.8442519 0.183504 0.8442519 0.2464961 0 P 0
L 0.8442519 0.183504 0.875748 0.183504 0 P 0
L 0.8442519 0.2464961 0.875748 0.2464961 0 P 0
L 0.845748 0.6835039 0.845748 0.746496 0 P 0
L 0.848189 0.215 0.871811 0.215 0 P 0
L 0.8524015 0.4903148 0.8524015 0.5296849 0 P 0
L 0.86 0.203189 0.86 0.2268111 0 P 0
L 0.8710994 0.825 0.9104695 0.825 1 P 0
L 0.875748 0.183504 0.875748 0.2464961 0 P 0
L 0.8773228 0.1461023 0.8773228 0.2838976 0 P 0
L 0.8773228 0.1461023 1.0426771 0.1461023 0 P 0
L 0.8773228 0.2838976 1.0426771 0.2838976 0 P 0
L 0.890315 0.705 0.9296851 0.705 1 P 0
L 0.8907844 0.805315 0.8907844 0.8446851 1 P 0
L 0.91 0.6853149 0.91 0.724685 1 P 0
L 0.9182678 1.4850788 0.9182678 1.7449213 0 P 0
L 0.923504 0.1042519 0.923504 0.135748 0 P 0
L 0.923504 0.1042519 0.9864961 0.1042519 0 P 0
L 0.923504 0.135748 0.9864961 0.135748 0 P 0
L 0.9403149 0.215 0.979685 0.215 1 P 0
L 0.9439341 0.7570866 0.9439341 0.8929134 0 P 0
L 0.9441733 0.12 0.9658268 0.12 0 P 0
L 0.9535039 1.5042519 0.9535039 1.535748 0 P 0
L 0.9535039 1.5042519 1.016496 1.5042519 0 P 0
L 0.9535039 1.535748 1.016496 1.535748 0 P 0
L 0.953504 1.464252 0.953504 1.4957481 0 P 0
L 0.953504 1.464252 1.0164961 1.464252 0 P 0
L 0.953504 1.4957481 1.0164961 1.4957481 0 P 0
L 0.955 0.1091732 0.955 0.1308267 0 P 0
L 0.96 0.1953149 0.96 0.234685 1 P 0
L 0.9741732 1.52 0.9958267 1.52 0 P 0
L 0.9741733 1.48 0.9958268 1.48 0 P 0
L 0.9751741 1.055 0.9751741 1.305 0 P 0
L 0.9751741 1.055 1.1208434 1.055 0 P 0
L 0.9751741 1.305 1.1208434 1.305 0 P 0
L 0.9779134 0.6518503 0.9779134 0.7581496 0 P 0
L 0.983504 1.424252 0.983504 1.4557481 0 P 0
L 0.983504 1.424252 1.0464961 1.424252 0 P 0
L 0.983504 1.4557481 1.0464961 1.4557481 0 P 0
L 0.984252 0.7912205 0.984252 0.8542126 0 P 0
L 0.984252 0.7912205 1.0157481 0.7912205 0 P 0
L 0.984252 0.8542126 1.0157481 0.8542126 0 P 0
L 0.985 1.4691733 0.985 1.4908268 0 P 0
L 0.985 1.5091732 0.985 1.5308267 0 P 0
L 0.9864961 0.1042519 0.9864961 0.135748 0 P 0
L 0.9891733 0.8227165 1.0108268 0.8227165 0 P 0
L 0.9892519 0.8882482 0.9892519 0.9512403 0 P 0
L 0.9892519 0.8882482 1.020748 0.8882482 0 P 0
L 0.9892519 0.9512403 1.020748 0.9512403 0 P 0
L 0.993189 0.9197442 1.016811 0.9197442 0 P 0
L 0.9935039 0.8539961 0.9935039 0.8854922 0 P 0
L 0.9935039 0.8539961 1.056496 0.8539961 0 P 0
L 0.9935039 0.8854922 1.056496 0.8854922 0 P 0
L 1 0.8118898 1 0.8335433 0 P 0
L 1.0041733 1.44 1.0258268 1.44 0 P 0
L 1.005 0.9079332 1.005 0.9315553 0 P 0
L 1.0131889 0.8697442 1.036811 0.8697442 0 P 0
L 1.015 1.4291733 1.015 1.4508268 0 P 0
L 1.0157481 0.7912205 1.0157481 0.8542126 0 P 0
L 1.016496 1.5042519 1.016496 1.535748 0 P 0
L 1.0164961 1.464252 1.0164961 1.4957481 0 P 0
L 1.018504 1.029252 1.018504 1.0607481 0 P 0
L 1.018504 1.029252 1.0814961 1.029252 0 P 0
L 1.018504 1.0607481 1.0814961 1.0607481 0 P 0
L 1.020748 0.8882482 1.020748 0.9512403 0 P 0
L 1.024252 0.7882482 1.024252 0.8512403 0 P 0
L 1.024252 0.7882482 1.0557481 0.7882482 0 P 0
L 1.024252 0.8512403 1.0557481 0.8512403 0 P 0
L 1.024252 0.8882482 1.024252 0.9512403 0 P 0
L 1.024252 0.8882482 1.0557481 0.8882482 0 P 0
L 1.024252 0.9512403 1.0557481 0.9512403 0 P 0
L 1.025 0.8579332 1.025 0.8815552 0 P 0
L 1.0253149 1.32 1.064685 1.32 1 P 0
L 1.0283237 1.18 1.0676938 1.18 1 P 0
L 1.0291733 0.8197442 1.0508268 0.8197442 0 P 0
L 1.0291733 0.9197442 1.0508268 0.9197442 0 P 0
L 1.038189 1.045 1.0618111 1.045 0 P 0
L 1.04 0.8089175 1.04 0.830571 0 P 0
L 1.04 0.9089175 1.04 0.930571 0 P 0
L 1.0426771 0.1461023 1.0426771 0.2838976 0 P 0
L 1.045 1.300315 1.045 1.3396851 1 P 0
L 1.0464961 1.424252 1.0464961 1.4557481 0 P 0
L 1.0480088 1.1603149 1.0480088 1.199685 1 P 0
L 1.05 1.033189 1.05 1.056811 0 P 0
L 1.0557481 0.7882482 1.0557481 0.8512403 0 P 0
L 1.0557481 0.8882482 1.0557481 0.9512403 0 P 0
L 1.056496 0.8539961 1.056496 0.8854922 0 P 0
L 1.0637795 1.9295669 1.0637795 2.0004331 0 P 0
L 1.0637795 1.9295669 1.2362205 1.9295669 0 P 0
L 1.0637795 2.0004331 1.2362205 2.0004331 0 P 0
L 1.0647244 1.4183464 1.0647244 1.4616535 0 P 0
L 1.0647244 1.4183464 1.1552755 1.4183464 0 P 0
L 1.0647244 1.4616535 1.1552755 1.4616535 0 P 0
L 1.0722607 1.158504 1.0722607 1.2214961 0 P 0
L 1.0722607 1.158504 1.1037568 1.158504 0 P 0
L 1.0722607 1.2214961 1.1037568 1.2214961 0 P 0
L 1.077182 1.19 1.0988355 1.19 0 P 0
L 1.0814961 1.029252 1.0814961 1.0607481 0 P 0
L 1.0835039 1.474252 1.0835039 1.5057481 0 P 0
L 1.0835039 1.474252 1.146496 1.474252 0 P 0
L 1.0835039 1.5057481 1.146496 1.5057481 0 P 0
L 1.0880088 1.1791733 1.0880088 1.2008268 0 P 0
L 1.0912992 1.4399999 1.1287007 1.4399999 0 P 0
L 1.0920079 0.7974803 1.0920079 0.9825197 0 P 0
L 1.0920079 0.7974803 1.2179921 0.7974803 0 P 0
L 1.0920079 0.9825197 1.2179921 0.9825197 0 P 0
L 1.1031889 1.49 1.126811 1.49 0 P 0
L 1.1037568 1.158504 1.1037568 1.2214961 0 P 0
L 1.1099999 1.4212991 1.1099999 1.4587007 0 P 0
L 1.115 1.478189 1.115 1.501811 0 P 0
L 1.1208434 1.055 1.1208434 1.305 0 P 0
L 1.124252 0.9535039 1.124252 1.016496 0 P 0
L 1.124252 0.9535039 1.1557481 0.9535039 0 P 0
L 1.124252 1.016496 1.1557481 1.016496 0 P 0
L 1.1291733 0.985 1.1508268 0.985 0 P 0
L 1.130315 1.965 1.169685 1.965 1 P 0
L 1.135315 0.89 1.174685 0.89 1 P 0
L 1.14 0.9741732 1.14 0.9958267 0 P 0
L 1.146496 1.474252 1.146496 1.5057481 0 P 0
L 1.15 1.945315 1.15 1.984685 1 P 0
L 1.1540158 0.8041339 1.1540158 0.9458662 0 P 0
L 1.1540158 0.8041339 1.4059843 0.8041339 0 P 0
L 1.1540158 0.9458662 1.4059843 0.9458662 0 P 0
L 1.1545866 0.5367324 1.1545866 0.7532678 0 P 0
L 1.1545866 0.5367324 1.4144291 0.5367324 0 P 0
L 1.1545866 0.7532678 1.4144291 0.7532678 0 P 0
L 1.155 0.870315 1.155 0.9096851 1 P 0
L 1.1552755 1.4183464 1.1552755 1.4616535 0 P 0
L 1.1557481 0.9535039 1.1557481 1.016496 0 P 0
L 1.1642519 0.9535039 1.1642519 1.016496 0 P 0
L 1.1642519 0.9535039 1.195748 0.9535039 0 P 0
L 1.1642519 1.016496 1.195748 1.016496 0 P 0
L 1.168189 0.985 1.191811 0.985 0 P 0
L 1.1717324 1.4850788 1.1717324 1.7449213 0 P 0
L 1.1717324 1.4850788 1.3882678 1.4850788 0 P 0
L 1.1717324 1.7449213 1.3882678 1.7449213 0 P 0
L 1.18 0.9731889 1.18 0.996811 0 P 0
L 1.195748 0.9535039 1.195748 1.016496 0 P 0
L 1.2042519 0.953504 1.2042519 1.0164961 0 P 0
L 1.2042519 0.953504 1.235748 0.953504 0 P 0
L 1.2042519 1.0164961 1.235748 1.0164961 0 P 0
L 1.2091732 0.985 1.2308267 0.985 0 P 0
L 1.2170079 0.7974803 1.2170079 0.9825197 0 P 0
L 1.2170079 0.7974803 1.3429921 0.7974803 0 P 0
L 1.2170079 0.9825197 1.3429921 0.9825197 0 P 0
L 1.2179921 0.7974803 1.2179921 0.9825197 0 P 0
L 1.22 0.9741733 1.22 0.9958268 0 P 0
L 1.235748 0.953504 1.235748 1.0164961 0 P 0
L 1.2362205 1.9295669 1.2362205 2.0004331 0 P 0
L 1.2547245 0.9733465 1.2547245 1.0166536 0 P 0
L 1.2547245 0.9733465 1.3452756 0.9733465 0 P 0
L 1.2547245 1.0166536 1.3452756 1.0166536 0 P 0
L 1.2587795 0.3845669 1.2587795 0.4554331 0 P 0
L 1.2587795 0.3845669 1.4312205 0.3845669 0 P 0
L 1.2587795 0.4554331 1.4312205 0.4554331 0 P 0
L 1.2587795 0.4595669 1.2587795 0.5304331 0 P 0
L 1.2587795 0.4595669 1.4312205 0.4595669 0 P 0
L 1.2587795 0.5304331 1.4312205 0.5304331 0 P 0
L 1.260315 0.8750001 1.2996851 0.8750001 1 P 0
L 1.260315 0.89 1.299685 0.89 1 P 0
L 1.2603151 1.615 1.2996851 1.615 1 P 0
L 1.2648228 0.6450001 1.3041929 0.6450001 1 P 0
L 1.28 0.855315 1.28 0.8946851 1 P 0
L 1.28 0.870315 1.28 0.9096851 1 P 0
L 1.2800001 1.595315 1.2800001 1.6346851 1 P 0
L 1.2812993 0.9950001 1.3187008 0.9950001 0 P 0
L 1.2845078 0.6253151 1.2845078 0.6646851 1 P 0
L 1.3000001 0.9762993 1.3000001 1.0137009 0 P 0
L 1.325315 0.42 1.364685 0.42 1 P 0
L 1.325315 0.495 1.364685 0.495 1 P 0
L 1.3279134 0.7927559 1.3279134 1.0132283 0 P 0
L 1.3279134 0.7927559 1.4420866 0.7927559 0 P 0
L 1.3279134 1.0132283 1.4420866 1.0132283 0 P 0
L 1.3429921 0.7974803 1.3429921 0.9825197 0 P 0
L 1.345 0.400315 1.345 0.439685 1 P 0
L 1.345 0.475315 1.345 0.514685 1 P 0
L 1.3452756 0.9733465 1.3452756 1.0166536 0 P 0
L 1.365315 0.9029921 1.4046851 0.9029921 1 P 0
L 1.3654725 0.9274409 1.3654725 1.0455512 0 P 0
L 1.3654725 0.9274409 1.4245276 0.9274409 0 P 0
L 1.3654725 1.0455512 1.4245276 1.0455512 0 P 0
L 1.3762993 0.9864961 1.4137008 0.9864961 0 P 0
L 1.385 0.8833071 1.385 0.9226772 1 P 0
L 1.3882678 1.4850788 1.3882678 1.7449213 0 P 0
L 1.395 0.9677953 1.395 1.0051969 0 P 0
L 1.4059843 0.8041339 1.4059843 0.9458662 0 P 0
L 1.4144291 0.5367324 1.4144291 0.7532678 0 P 0
L 1.4245276 0.9274409 1.4245276 1.0455512 0 P 0
L 1.4312205 0.3845669 1.4312205 0.4554331 0 P 0
L 1.4312205 0.4595669 1.4312205 0.5304331 0 P 0
L 1.4420866 0.7927559 1.4420866 1.0132283 0 P 0
