#Layer_Color=16711935
#
#Feature symbol names
#
$0 r3.937
$1 rect109.8425x23.8287

#
#Feature attribute names
#

#
#Layer features
#
A 0.148307 1.3436221 0.148307 1.3436221 0.128622 1.3436221 0 P 0 N
A 0.1532844 1.1544095 0.1532844 1.1544095 0.1335994 1.1544095 0 P 0 N
A 0.3582677 0.7664173 0.3582677 0.7664173 0.3385827 0.7664173 0 P 0 N
A 0.3874803 0.263622 0.3874803 0.263622 0.3796063 0.263622 0 P 0 N
A 0.618307 1.3436221 0.618307 1.3436221 0.598622 1.3436221 0 P 0 N
A 0.6232844 1.1544095 0.6232844 1.1544095 0.6035994 1.1544095 0 P 0 N
A 1.088307 1.3436221 1.088307 1.3436221 1.068622 1.3436221 0 P 0 N
A 1.0932844 1.1544095 1.0932844 1.1544095 1.0735994 1.1544095 0 P 0 N
A 1.2740945 0.9005906 1.2740945 0.9005906 1.2544095 0.9005906 0 P 0 N
L 0.0191733 1.1543307 0.0191733 1.1956693 0 P 0
L 0.0191733 1.1543307 0.0408268 1.1543307 0 P 0
L 0.0191733 1.1956693 0.0408268 1.1956693 0 P 0
L 0.0212992 0.461378 0.0212992 0.5283071 0 P 0
L 0.0212992 0.461378 0.0587008 0.461378 0 P 0
L 0.0212992 0.5283071 0.0587008 0.5283071 0 P 0
L 0.0291733 0.2943307 0.0291733 0.3356693 0 P 0
L 0.0291733 0.2943307 0.0508268 0.2943307 0 P 0
L 0.0291733 0.3356693 0.0508268 0.3356693 0 P 0
L 0.0291733 0.3793307 0.0291733 0.4206693 0 P 0
L 0.0291733 0.3793307 0.0508268 0.3793307 0 P 0
L 0.0291733 0.4206693 0.0508268 0.4206693 0 P 0
L 0.0408268 1.1543307 0.0408268 1.1956693 0 P 0
L 0.0455512 1.4212993 0.0455512 1.4587009 0 P 0
L 0.0455512 1.4212993 0.1144489 1.4212993 0 P 0
L 0.0455512 1.4587009 0.1144489 1.4587009 0 P 0
L 0.0469853 1.1189764 0.0469853 1.2410237 0 P 0
L 0.0469853 1.1189764 0.1690325 1.1189764 0 P 0
L 0.0469853 1.2410237 0.1690325 1.2410237 0 P 0
L 0.0508268 0.2943307 0.0508268 0.3356693 0 P 0
L 0.0508268 0.3793307 0.0508268 0.4206693 0 P 0
L 0.0541732 1.1543307 0.0541732 1.1956693 0 P 0
L 0.0541732 1.1543307 0.0758267 1.1543307 0 P 0
L 0.0541732 1.1956693 0.0758267 1.1956693 0 P 0
L 0.0587008 0.461378 0.0587008 0.5283071 0 P 0
L 0.0758267 1.1543307 0.0758267 1.1956693 0 P 0
L 0.0883465 1.033189 0.0883465 1.056811 0 P 0
L 0.0883465 1.033189 0.1316536 1.033189 0 P 0
L 0.0883465 1.056811 0.1316536 1.056811 0 P 0
L 0.0893307 0.4491732 0.0893307 0.4708267 0 P 0
L 0.0893307 0.4491732 0.1306693 0.4491732 0 P 0
L 0.0893307 0.4708267 0.1306693 0.4708267 0 P 0
L 0.0950788 1.5364567 0.0950788 1.713622 0 P 0
L 0.0950788 1.5364567 0.2049213 1.5364567 0 P 0
L 0.0950788 1.713622 0.2049213 1.713622 0 P 0
L 0.1144489 1.4212993 0.1144489 1.4587009 0 P 0
L 0.1306693 0.4491732 0.1306693 0.4708267 0 P 0
L 0.1316536 1.033189 0.1316536 1.056811 0 P 0
L 0.1355511 1.4212991 0.1355511 1.4587007 0 P 0
L 0.1355511 1.4212991 0.2044488 1.4212991 0 P 0
L 0.1355511 1.4587007 0.2044488 1.4587007 0 P 0
L 0.1441732 1.1693307 0.1441732 1.2106693 0 P 0
L 0.1441732 1.1693307 0.1658267 1.1693307 0 P 0
L 0.1441732 1.2106693 0.1658267 1.2106693 0 P 0
L 0.1493307 0.4491732 0.1493307 0.4708267 0 P 0
L 0.1493307 0.4491732 0.1906693 0.4491732 0 P 0
L 0.1493307 0.4708267 0.1906693 0.4708267 0 P 0
L 0.1570472 1.9335039 0.1570472 1.9964961 0 P 0
L 0.1570472 1.9335039 0.2629528 1.9335039 0 P 0
L 0.1570472 1.9964961 0.2629528 1.9964961 0 P 0
L 0.1658267 1.1693307 0.1658267 1.2106693 0 P 0
L 0.1670472 0.1985039 0.1670472 0.2614961 0 P 0
L 0.1670472 0.1985039 0.2729528 0.1985039 0 P 0
L 0.1670472 0.2614961 0.2729528 0.2614961 0 P 0
L 0.1670472 0.2735039 0.1670472 0.3364961 0 P 0
L 0.1670472 0.2735039 0.2729528 0.2735039 0 P 0
L 0.1670472 0.3364961 0.2729528 0.3364961 0 P 0
L 0.1690325 1.1189764 0.1690325 1.2410237 0 P 0
L 0.1893307 1.4941732 0.1893307 1.5158267 0 P 0
L 0.1893307 1.4941732 0.2306693 1.4941732 0 P 0
L 0.1893307 1.5158267 0.2306693 1.5158267 0 P 0
L 0.1906693 0.4491732 0.1906693 0.4708267 0 P 0
L 0.193189 0.9233464 0.193189 0.9666535 0 P 0
L 0.193189 0.9233464 0.216811 0.9233464 0 P 0
L 0.193189 0.9666535 0.216811 0.9666535 0 P 0
L 0.2044488 1.4212991 0.2044488 1.4587007 0 P 0
L 0.2049213 1.5364567 0.2049213 1.713622 0 P 0
L 0.2141733 0.8166142 0.2141733 0.8579528 0 P 0
L 0.2141733 0.8166142 0.2358268 0.8166142 0 P 0
L 0.2141733 0.8579528 0.2358268 0.8579528 0 P 0
L 0.216811 0.9233464 0.216811 0.9666535 0 P 0
L 0.2191733 0.6693307 0.2191733 0.7106693 0 P 0
L 0.2191733 0.6693307 0.2408268 0.6693307 0 P 0
L 0.2191733 0.7106693 0.2408268 0.7106693 0 P 0
L 0.223189 0.7290945 0.223189 0.7724016 0 P 0
L 0.223189 0.7290945 0.246811 0.7290945 0 P 0
L 0.223189 0.7724016 0.246811 0.7724016 0 P 0
L 0.2306693 1.4941732 0.2306693 1.5158267 0 P 0
L 0.2337009 1.4949213 0.2337009 1.7350788 0 P 0
L 0.2337009 1.4949213 0.4462993 1.4949213 0 P 0
L 0.2337009 1.7350788 0.4462993 1.7350788 0 P 0
L 0.2358268 0.8166142 0.2358268 0.8579528 0 P 0
L 0.2408268 0.6693307 0.2408268 0.7106693 0 P 0
L 0.246811 0.7290945 0.246811 0.7724016 0 P 0
L 0.2491733 0.8166142 0.2491733 0.8579528 0 P 0
L 0.2491733 0.8166142 0.2708268 0.8166142 0 P 0
L 0.2491733 0.8579528 0.2708268 0.8579528 0 P 0
L 0.2629528 1.9335039 0.2629528 1.9964961 0 P 0
L 0.2668505 0.8131891 0.2668505 0.8368111 0 P 0
L 0.2668505 0.8131891 0.3101576 0.8131891 0 P 0
L 0.2668505 0.8368111 0.3101576 0.8368111 0 P 0
L 0.268189 0.9283465 0.268189 0.9716536 0 P 0
L 0.268189 0.9283465 0.291811 0.9283465 0 P 0
L 0.268189 0.9716536 0.291811 0.9716536 0 P 0
L 0.2691733 0.7316142 0.2691733 0.7729528 0 P 0
L 0.2691733 0.7316142 0.2908268 0.7316142 0 P 0
L 0.2691733 0.7729528 0.2908268 0.7729528 0 P 0
L 0.2708268 0.8166142 0.2708268 0.8579528 0 P 0
L 0.2729528 0.1985039 0.2729528 0.2614961 0 P 0
L 0.2729528 0.2735039 0.2729528 0.3364961 0 P 0
L 0.2908268 0.7316142 0.2908268 0.7729528 0 P 0
L 0.291811 0.9283465 0.291811 0.9716536 0 P 0
L 0.3031496 0.4081496 0.3031496 0.8018504 0 P 0
L 0.3031496 0.4081496 0.6968504 0.4081496 0 P 0
L 0.3031496 0.8018504 0.6968504 0.8018504 0 P 0
L 0.3083464 0.163189 0.3083464 0.186811 0 P 0
L 0.3083464 0.163189 0.3516535 0.163189 0 P 0
L 0.3083464 0.186811 0.3516535 0.186811 0 P 0
L 0.3101576 0.8131891 0.3101576 0.8368111 0 P 0
L 0.3136614 0.1986614 0.3136614 0.2813386 0 P 0
L 0.3136614 0.1986614 0.3963386 0.1986614 0 P 0
L 0.3136614 0.2813386 0.3963386 0.2813386 0 P 0
L 0.3183465 0.293189 0.3183465 0.316811 0 P 0
L 0.3183465 0.293189 0.3616536 0.293189 0 P 0
L 0.3183465 0.316811 0.3616536 0.316811 0 P 0
L 0.3516535 0.163189 0.3516535 0.186811 0 P 0
L 0.3616536 0.293189 0.3616536 0.316811 0 P 0
L 0.3683464 0.328189 0.3683464 0.351811 0 P 0
L 0.3683464 0.328189 0.4116535 0.328189 0 P 0
L 0.3683464 0.351811 0.4116535 0.351811 0 P 0
L 0.3791732 0.0343307 0.3791732 0.0756693 0 P 0
L 0.3791732 0.0343307 0.4008267 0.0343307 0 P 0
L 0.3791732 0.0756693 0.4008267 0.0756693 0 P 0
L 0.3963386 0.1986614 0.3963386 0.2813386 0 P 0
L 0.4008267 0.0343307 0.4008267 0.0756693 0 P 0
L 0.4116535 0.328189 0.4116535 0.351811 0 P 0
L 0.4130709 0.2728906 0.4130709 0.3831268 0 P 0
L 0.4130709 0.2728906 0.5469291 0.2728906 0 P 0
L 0.4130709 0.3831268 0.5469291 0.3831268 0 P 0
L 0.418189 0.1683465 0.418189 0.2116536 0 P 0
L 0.418189 0.1683465 0.441811 0.1683465 0 P 0
L 0.418189 0.2116536 0.441811 0.2116536 0 P 0
L 0.4206299 0.3989537 0.4206299 0.5170639 0 P 0
L 0.4206299 0.3989537 0.4993701 0.3989537 0 P 0
L 0.4206299 0.5170639 0.4993701 0.5170639 0 P 0
L 0.4233464 0.528189 0.4233464 0.551811 0 P 0
L 0.4233464 0.528189 0.4666535 0.528189 0 P 0
L 0.4233464 0.551811 0.4666535 0.551811 0 P 0
L 0.441811 0.1683465 0.441811 0.2116536 0 P 0
L 0.4462993 1.4949213 0.4462993 1.7350788 0 P 0
L 0.4591732 0.0343307 0.4591732 0.0756693 0 P 0
L 0.4591732 0.0343307 0.4808267 0.0343307 0 P 0
L 0.4591732 0.0756693 0.4808267 0.0756693 0 P 0
L 0.4666535 0.528189 0.4666535 0.551811 0 P 0
L 0.473189 0.8683464 0.473189 0.9116535 0 P 0
L 0.473189 0.8683464 0.496811 0.8683464 0 P 0
L 0.473189 0.9116535 0.496811 0.9116535 0 P 0
L 0.473189 0.9433465 0.473189 0.9866536 0 P 0
L 0.473189 0.9433465 0.496811 0.9433465 0 P 0
L 0.473189 0.9866536 0.496811 0.9866536 0 P 0
L 0.4808267 0.0343307 0.4808267 0.0756693 0 P 0
L 0.4891733 1.1543307 0.4891733 1.1956693 0 P 0
L 0.4891733 1.1543307 0.5108268 1.1543307 0 P 0
L 0.4891733 1.1956693 0.5108268 1.1956693 0 P 0
L 0.496811 0.8683464 0.496811 0.9116535 0 P 0
L 0.496811 0.9433465 0.496811 0.9866536 0 P 0
L 0.4993701 0.3989537 0.4993701 0.5170639 0 P 0
L 0.5108268 1.1543307 0.5108268 1.1956693 0 P 0
L 0.5155512 1.4212993 0.5155512 1.4587009 0 P 0
L 0.5155512 1.4212993 0.5844489 1.4212993 0 P 0
L 0.5155512 1.4587009 0.5844489 1.4587009 0 P 0
L 0.5169853 1.1189764 0.5169853 1.2410237 0 P 0
L 0.5169853 1.1189764 0.6390325 1.1189764 0 P 0
L 0.5169853 1.2410237 0.6390325 1.2410237 0 P 0
L 0.523189 0.4763552 0.523189 0.5196623 0 P 0
L 0.523189 0.4763552 0.546811 0.4763552 0 P 0
L 0.523189 0.5196623 0.546811 0.5196623 0 P 0
L 0.5241732 1.1543307 0.5241732 1.1956693 0 P 0
L 0.5241732 1.1543307 0.5458267 1.1543307 0 P 0
L 0.5241732 1.1956693 0.5458267 1.1956693 0 P 0
L 0.5391732 0.0343307 0.5391732 0.0756693 0 P 0
L 0.5391732 0.0343307 0.5608267 0.0343307 0 P 0
L 0.5391732 0.0756693 0.5608267 0.0756693 0 P 0
L 0.5458267 1.1543307 0.5458267 1.1956693 0 P 0
L 0.546811 0.4763552 0.546811 0.5196623 0 P 0
L 0.5469291 0.2728906 0.5469291 0.3831268 0 P 0
L 0.5583465 1.033189 0.5583465 1.056811 0 P 0
L 0.5583465 1.033189 0.6016536 1.033189 0 P 0
L 0.5583465 1.056811 0.6016536 1.056811 0 P 0
L 0.5608267 0.0343307 0.5608267 0.0756693 0 P 0
L 0.573189 0.8690945 0.573189 0.9124016 0 P 0
L 0.573189 0.8690945 0.596811 0.8690945 0 P 0
L 0.573189 0.9124016 0.596811 0.9124016 0 P 0
L 0.5768504 0.283189 0.5768504 0.4170472 0 P 0
L 0.5768504 0.283189 0.6831496 0.283189 0 P 0
L 0.5768504 0.4170472 0.6831496 0.4170472 0 P 0
L 0.5844489 1.4212993 0.5844489 1.4587009 0 P 0
L 0.5943307 1.0641732 0.5943307 1.0858267 0 P 0
L 0.5943307 1.0641732 0.6356693 1.0641732 0 P 0
L 0.5943307 1.0858267 0.6356693 1.0858267 0 P 0
L 0.5943307 1.0991733 0.5943307 1.1208268 0 P 0
L 0.5943307 1.0991733 0.6356693 1.0991733 0 P 0
L 0.5943307 1.1208268 0.6356693 1.1208268 0 P 0
L 0.596811 0.8690945 0.596811 0.9124016 0 P 0
L 0.6016536 1.033189 0.6016536 1.056811 0 P 0
L 0.6055511 1.4212991 0.6055511 1.4587007 0 P 0
L 0.6055511 1.4212991 0.6744488 1.4212991 0 P 0
L 0.6055511 1.4587007 0.6744488 1.4587007 0 P 0
L 0.6141732 1.1693307 0.6141732 1.2106693 0 P 0
L 0.6141732 1.1693307 0.6358267 1.1693307 0 P 0
L 0.6141732 1.2106693 0.6358267 1.2106693 0 P 0
L 0.6191732 0.0343307 0.6191732 0.0756693 0 P 0
L 0.6191732 0.0343307 0.6408267 0.0343307 0 P 0
L 0.6191732 0.0756693 0.6408267 0.0756693 0 P 0
L 0.6270472 1.9335039 0.6270472 1.9964961 0 P 0
L 0.6270472 1.9335039 0.7329528 1.9335039 0 P 0
L 0.6270472 1.9964961 0.7329528 1.9964961 0 P 0
L 0.6356693 1.0641732 0.6356693 1.0858267 0 P 0
L 0.6356693 1.0991733 0.6356693 1.1208268 0 P 0
L 0.6358267 1.1693307 0.6358267 1.2106693 0 P 0
L 0.6390325 1.1189764 0.6390325 1.2410237 0 P 0
L 0.6408267 0.0343307 0.6408267 0.0756693 0 P 0
L 0.6593307 1.4941732 0.6593307 1.5158267 0 P 0
L 0.6593307 1.4941732 0.7006693 1.4941732 0 P 0
L 0.6593307 1.5158267 0.7006693 1.5158267 0 P 0
L 0.6744488 1.4212991 0.6744488 1.4587007 0 P 0
L 0.6831496 0.283189 0.6831496 0.4170472 0 P 0
L 0.6968504 0.4081496 0.6968504 0.8018504 0 P 0
L 0.7006693 1.4941732 0.7006693 1.5158267 0 P 0
L 0.7037009 1.4949213 0.7037009 1.7350788 0 P 0
L 0.7037009 1.4949213 0.9162993 1.4949213 0 P 0
L 0.7037009 1.7350788 0.9162993 1.7350788 0 P 0
L 0.7243307 0.4841733 0.7243307 0.5058268 0 P 0
L 0.7243307 0.4841733 0.7656693 0.4841733 0 P 0
L 0.7243307 0.5058268 0.7656693 0.5058268 0 P 0
L 0.7329528 1.9335039 0.7329528 1.9964961 0 P 0
L 0.758189 0.6990945 0.758189 0.7424016 0 P 0
L 0.758189 0.6990945 0.781811 0.6990945 0 P 0
L 0.758189 0.7424016 0.781811 0.7424016 0 P 0
L 0.7591732 0.7643307 0.7591732 0.8056693 0 P 0
L 0.7591732 0.7643307 0.7808267 0.7643307 0 P 0
L 0.7591732 0.8056693 0.7808267 0.8056693 0 P 0
L 0.7633464 0.548189 0.7633464 0.571811 0 P 0
L 0.7633464 0.548189 0.8066535 0.548189 0 P 0
L 0.7633464 0.571811 0.8066535 0.571811 0 P 0
L 0.7656693 0.4841733 0.7656693 0.5058268 0 P 0
L 0.7683464 0.428189 0.7683464 0.451811 0 P 0
L 0.7683464 0.428189 0.8116535 0.428189 0 P 0
L 0.7683464 0.451811 0.8116535 0.451811 0 P 0
L 0.7683464 0.463189 0.7683464 0.486811 0 P 0
L 0.7683464 0.463189 0.8116535 0.463189 0 P 0
L 0.7683464 0.486811 0.8116535 0.486811 0 P 0
L 0.7793307 0.8491733 0.7793307 0.8708268 0 P 0
L 0.7793307 0.8491733 0.8206693 0.8491733 0 P 0
L 0.7793307 0.8708268 0.8206693 0.8708268 0 P 0
L 0.7808267 0.7643307 0.7808267 0.8056693 0 P 0
L 0.781811 0.6990945 0.781811 0.7424016 0 P 0
L 0.7943307 0.4841732 0.7943307 0.5058267 0 P 0
L 0.7943307 0.4841732 0.8356693 0.4841732 0 P 0
L 0.7943307 0.5058267 0.8356693 0.5058267 0 P 0
L 0.8066535 0.548189 0.8066535 0.571811 0 P 0
L 0.8116535 0.428189 0.8116535 0.451811 0 P 0
L 0.8116535 0.463189 0.8116535 0.486811 0 P 0
L 0.8206693 0.8491733 0.8206693 0.8708268 0 P 0
L 0.8356693 0.4841732 0.8356693 0.5058267 0 P 0
L 0.838189 0.1983465 0.838189 0.2416536 0 P 0
L 0.838189 0.1983465 0.861811 0.1983465 0 P 0
L 0.838189 0.2416536 0.861811 0.2416536 0 P 0
L 0.8401969 0.6666929 0.8401969 0.753307 0 P 0
L 0.8401969 0.6666929 0.8898032 0.6666929 0 P 0
L 0.8401969 0.753307 0.8898032 0.753307 0 P 0
L 0.841693 0.8001969 0.841693 0.8498032 0 P 0
L 0.841693 0.8001969 0.9283071 0.8001969 0 P 0
L 0.841693 0.8498032 0.9283071 0.8498032 0 P 0
L 0.861811 0.1983465 0.861811 0.2416536 0 P 0
L 0.8893307 0.0591733 0.8893307 0.0808268 0 P 0
L 0.8893307 0.0591733 0.9306693 0.0591733 0 P 0
L 0.8893307 0.0808268 0.9306693 0.0808268 0 P 0
L 0.8898032 0.6666929 0.8898032 0.753307 0 P 0
L 0.9105511 0.1609448 0.9105511 0.2790551 0 P 0
L 0.9105511 0.1609448 0.9794488 0.1609448 0 P 0
L 0.9105511 0.2790551 0.9794488 0.2790551 0 P 0
L 0.9162993 1.4949213 0.9162993 1.7350788 0 P 0
L 0.9283071 0.8001969 0.9283071 0.8498032 0 P 0
L 0.9306693 0.0591733 0.9306693 0.0808268 0 P 0
L 0.9591733 1.1543307 0.9591733 1.1956693 0 P 0
L 0.9591733 1.1543307 0.9808268 1.1543307 0 P 0
L 0.9591733 1.1956693 0.9808268 1.1956693 0 P 0
L 0.9794488 0.1609448 0.9794488 0.2790551 0 P 0
L 0.9808268 1.1543307 0.9808268 1.1956693 0 P 0
L 0.9855512 1.4212993 0.9855512 1.4587009 0 P 0
L 0.9855512 1.4212993 1.0544489 1.4212993 0 P 0
L 0.9855512 1.4587009 1.0544489 1.4587009 0 P 0
L 0.9869853 1.1189764 0.9869853 1.2410237 0 P 0
L 0.9869853 1.1189764 1.1090325 1.1189764 0 P 0
L 0.9869853 1.2410237 1.1090325 1.2410237 0 P 0
L 0.9891733 0.8020472 0.9891733 0.8433858 0 P 0
L 0.9891733 0.8020472 1.0108268 0.8020472 0 P 0
L 0.9891733 0.8433858 1.0108268 0.8433858 0 P 0
L 0.993189 0.8980907 0.993189 0.9413978 0 P 0
L 0.993189 0.8980907 1.016811 0.8980907 0 P 0
L 0.993189 0.9413978 1.016811 0.9413978 0 P 0
L 0.9941732 1.1543307 0.9941732 1.1956693 0 P 0
L 0.9941732 1.1543307 1.0158267 1.1543307 0 P 0
L 0.9941732 1.1956693 1.0158267 1.1956693 0 P 0
L 1.0033464 0.8579332 1.0033464 0.8815552 0 P 0
L 1.0033464 0.8579332 1.0466535 0.8579332 0 P 0
L 1.0033464 0.8815552 1.0466535 0.8815552 0 P 0
L 1.0108268 0.8020472 1.0108268 0.8433858 0 P 0
L 1.0158267 1.1543307 1.0158267 1.1956693 0 P 0
L 1.016811 0.8980907 1.016811 0.9413978 0 P 0
L 1.0283465 1.033189 1.0283465 1.056811 0 P 0
L 1.0283465 1.033189 1.0716536 1.033189 0 P 0
L 1.0283465 1.056811 1.0716536 1.056811 0 P 0
L 1.0291733 0.7990749 1.0291733 0.8404135 0 P 0
L 1.0291733 0.7990749 1.0508268 0.7990749 0 P 0
L 1.0291733 0.8404135 1.0508268 0.8404135 0 P 0
L 1.0291733 0.8990749 1.0291733 0.9404135 0 P 0
L 1.0291733 0.8990749 1.0508268 0.8990749 0 P 0
L 1.0291733 0.9404135 1.0508268 0.9404135 0 P 0
L 1.0466535 0.8579332 1.0466535 0.8815552 0 P 0
L 1.0508268 0.7990749 1.0508268 0.8404135 0 P 0
L 1.0508268 0.8990749 1.0508268 0.9404135 0 P 0
L 1.0544489 1.4212993 1.0544489 1.4587009 0 P 0
L 1.0716536 1.033189 1.0716536 1.056811 0 P 0
L 1.0755511 1.4212991 1.0755511 1.4587007 0 P 0
L 1.0755511 1.4212991 1.1444488 1.4212991 0 P 0
L 1.0755511 1.4587007 1.1444488 1.4587007 0 P 0
L 1.0841732 1.1693307 1.0841732 1.2106693 0 P 0
L 1.0841732 1.1693307 1.1058267 1.1693307 0 P 0
L 1.0841732 1.2106693 1.1058267 1.2106693 0 P 0
L 1.0970472 1.9335039 1.0970472 1.9964961 0 P 0
L 1.0970472 1.9335039 1.2029528 1.9335039 0 P 0
L 1.0970472 1.9964961 1.2029528 1.9964961 0 P 0
L 1.0991733 0.3793307 1.0991733 0.4206693 0 P 0
L 1.0991733 0.3793307 1.1208268 0.3793307 0 P 0
L 1.0991733 0.4206693 1.1208268 0.4206693 0 P 0
L 1.099882 0.8230709 1.099882 0.9569291 0 P 0
L 1.099882 0.8230709 1.2101182 0.8230709 0 P 0
L 1.099882 0.9569291 1.2101182 0.9569291 0 P 0
L 1.1058267 1.1693307 1.1058267 1.2106693 0 P 0
L 1.1090325 1.1189764 1.1090325 1.2410237 0 P 0
L 1.1208268 0.3793307 1.1208268 0.4206693 0 P 0
L 1.1291733 0.9643307 1.1291733 1.0056693 0 P 0
L 1.1291733 0.9643307 1.1508268 0.9643307 0 P 0
L 1.1291733 1.0056693 1.1508268 1.0056693 0 P 0
L 1.1293307 1.4941732 1.1293307 1.5158267 0 P 0
L 1.1293307 1.4941732 1.1706693 1.4941732 0 P 0
L 1.1293307 1.5158267 1.1706693 1.5158267 0 P 0
L 1.1444488 1.4212991 1.1444488 1.4587007 0 P 0
L 1.1508268 0.9643307 1.1508268 1.0056693 0 P 0
L 1.1644291 0.5387009 1.1644291 0.7512993 0 P 0
L 1.1644291 0.5387009 1.4045866 0.5387009 0 P 0
L 1.1644291 0.7512993 1.4045866 0.7512993 0 P 0
L 1.168189 0.9633464 1.168189 1.0066535 0 P 0
L 1.168189 0.9633464 1.191811 0.9633464 0 P 0
L 1.168189 1.0066535 1.191811 1.0066535 0 P 0
L 1.1706693 1.4941732 1.1706693 1.5158267 0 P 0
L 1.1737009 1.4949213 1.1737009 1.7350788 0 P 0
L 1.1737009 1.4949213 1.3862993 1.4949213 0 P 0
L 1.1737009 1.7350788 1.3862993 1.7350788 0 P 0
L 1.1791733 0.3793307 1.1791733 0.4206693 0 P 0
L 1.1791733 0.3793307 1.2008268 0.3793307 0 P 0
L 1.1791733 0.4206693 1.2008268 0.4206693 0 P 0
L 1.191811 0.9633464 1.191811 1.0066535 0 P 0
L 1.2008268 0.3793307 1.2008268 0.4206693 0 P 0
L 1.2029528 1.9335039 1.2029528 1.9964961 0 P 0
L 1.2091732 0.9643307 1.2091732 1.0056693 0 P 0
L 1.2091732 0.9643307 1.2308267 0.9643307 0 P 0
L 1.2091732 1.0056693 1.2308267 1.0056693 0 P 0
L 1.2101182 0.8230709 1.2101182 0.9569291 0 P 0
L 1.2189764 0.8139765 1.2189764 0.9360237 0 P 0
L 1.2189764 0.8139765 1.3410236 0.8139765 0 P 0
L 1.2189764 0.9360237 1.3410236 0.9360237 0 P 0
L 1.224882 0.8230709 1.224882 0.9569291 0 P 0
L 1.224882 0.8230709 1.3351182 0.8230709 0 P 0
L 1.224882 0.9569291 1.3351182 0.9569291 0 P 0
L 1.2308267 0.9643307 1.2308267 1.0056693 0 P 0
L 1.2655512 0.9762993 1.2655512 1.0137009 0 P 0
L 1.2655512 0.9762993 1.3344489 0.9762993 0 P 0
L 1.2655512 1.0137009 1.3344489 1.0137009 0 P 0
L 1.3344489 0.9762993 1.3344489 1.0137009 0 P 0
L 1.3351182 0.8230709 1.3351182 0.9569291 0 P 0
L 1.3410236 0.8139765 1.3410236 0.9360237 0 P 0
L 1.349567 0.836063 1.349567 0.9699212 0 P 0
L 1.349567 0.836063 1.4204331 0.836063 0 P 0
L 1.349567 0.9699212 1.4204331 0.9699212 0 P 0
L 1.3762991 0.9520472 1.3762991 1.0209449 0 P 0
L 1.3762991 0.9520472 1.4137007 0.9520472 0 P 0
L 1.3762991 1.0209449 1.4137007 1.0209449 0 P 0
L 1.3862993 1.4949213 1.3862993 1.7350788 0 P 0
L 1.4045866 0.5387009 1.4045866 0.7512993 0 P 0
L 1.4137007 0.9520472 1.4137007 1.0209449 0 P 0
L 1.4204331 0.836063 1.4204331 0.9699212 0 P 0
P 0.1500001 1.7017045 1 P 0 0
