#Layer_Color=16711935
#
#Feature symbol names
#
$0 r3.937
$1 rect109.8425x23.8287

#
#Feature attribute names
#

#
#Layer features
#
A 0.148307 1.3436221 0.148307 1.3436221 0.128622 1.3436221 0 P 0 N
A 0.1532843 1.1544094 0.1532843 1.1544094 0.1335993 1.1544094 0 P 0 N
A 0.3582677 0.7664173 0.3582677 0.7664173 0.3385827 0.7664173 0 P 0 N
A 0.618307 1.3436221 0.618307 1.3436221 0.598622 1.3436221 0 P 0 N
A 0.6232843 1.1544094 0.6232843 1.1544094 0.6035993 1.1544094 0 P 0 N
A 1.088307 1.3436221 1.088307 1.3436221 1.068622 1.3436221 0 P 0 N
A 1.0932843 1.1544094 1.0932843 1.1544094 1.0735993 1.1544094 0 P 0 N
A 1.2740945 0.9005906 1.2740945 0.9005906 1.2544095 0.9005906 0 P 0 N
L 0.0243307 1.4691733 0.0243307 1.4908268 0 P 0
L 0.0243307 1.4691733 0.0656693 1.4691733 0 P 0
L 0.0243307 1.4908268 0.0656693 1.4908268 0 P 0
L 0.0243307 1.5091732 0.0243307 1.5308267 0 P 0
L 0.0243307 1.5091732 0.0656693 1.5091732 0 P 0
L 0.0243307 1.5308267 0.0656693 1.5308267 0 P 0
L 0.0469852 1.1189763 0.0469852 1.2410236 0 P 0
L 0.0469852 1.1189763 0.1690324 1.1189763 0 P 0
L 0.0469852 1.2410236 0.1690324 1.2410236 0 P 0
L 0.0543307 1.4291733 0.0543307 1.4508268 0 P 0
L 0.0543307 1.4291733 0.0956693 1.4291733 0 P 0
L 0.0543307 1.4508268 0.0956693 1.4508268 0 P 0
L 0.0593307 0.2541733 0.0593307 0.2758268 0 P 0
L 0.0593307 0.2541733 0.1006693 0.2541733 0 P 0
L 0.0593307 0.2758268 0.1006693 0.2758268 0 P 0
L 0.0656693 1.4691733 0.0656693 1.4908268 0 P 0
L 0.0656693 1.5091732 0.0656693 1.5308267 0 P 0
L 0.0741733 0.4343307 0.0741733 0.4756693 0 P 0
L 0.0741733 0.4343307 0.0958268 0.4343307 0 P 0
L 0.0741733 0.4756693 0.0958268 0.4756693 0 P 0
L 0.0883465 1.033189 0.0883465 1.056811 0 P 0
L 0.0883465 1.033189 0.1316536 1.033189 0 P 0
L 0.0883465 1.056811 0.1316536 1.056811 0 P 0
L 0.0950788 1.5364567 0.0950788 1.713622 0 P 0
L 0.0950788 1.5364567 0.2049213 1.5364567 0 P 0
L 0.0950788 1.713622 0.2049213 1.713622 0 P 0
L 0.0956693 1.4291733 0.0956693 1.4508268 0 P 0
L 0.0958268 0.4343307 0.0958268 0.4756693 0 P 0
L 0.1006693 0.2541733 0.1006693 0.2758268 0 P 0
L 0.1316536 1.033189 0.1316536 1.056811 0 P 0
L 0.1355511 1.4212991 0.1355511 1.4587007 0 P 0
L 0.1355511 1.4212991 0.2044488 1.4212991 0 P 0
L 0.1355511 1.4587007 0.2044488 1.4587007 0 P 0
L 0.137182 1.1693307 0.137182 1.2106693 0 P 0
L 0.137182 1.1693307 0.1588355 1.1693307 0 P 0
L 0.137182 1.2106693 0.1588355 1.2106693 0 P 0
L 0.1533464 1.478189 0.1533464 1.501811 0 P 0
L 0.1533464 1.478189 0.1966535 1.478189 0 P 0
L 0.1533464 1.501811 0.1966535 1.501811 0 P 0
L 0.1541732 0.7643307 0.1541732 0.8056693 0 P 0
L 0.1541732 0.7643307 0.1758267 0.7643307 0 P 0
L 0.1541732 0.8056693 0.1758267 0.8056693 0 P 0
L 0.1541733 0.4343307 0.1541733 0.4756693 0 P 0
L 0.1541733 0.4343307 0.1758268 0.4343307 0 P 0
L 0.1541733 0.4756693 0.1758268 0.4756693 0 P 0
L 0.1570472 1.9335039 0.1570472 1.9964961 0 P 0
L 0.1570472 1.9335039 0.2629528 1.9335039 0 P 0
L 0.1570472 1.9964961 0.2629528 1.9964961 0 P 0
L 0.1588355 1.1693307 0.1588355 1.2106693 0 P 0
L 0.1690324 1.1189763 0.1690324 1.2410236 0 P 0
L 0.1758267 0.7643307 0.1758267 0.8056693 0 P 0
L 0.1758268 0.4343307 0.1758268 0.4756693 0 P 0
L 0.193189 0.9283464 0.193189 0.9716535 0 P 0
L 0.193189 0.9283464 0.216811 0.9283464 0 P 0
L 0.193189 0.9716535 0.216811 0.9716535 0 P 0
L 0.1966535 1.478189 0.1966535 1.501811 0 P 0
L 0.2044488 1.4212991 0.2044488 1.4587007 0 P 0
L 0.2049213 1.5364567 0.2049213 1.713622 0 P 0
L 0.2091733 0.8166142 0.2091733 0.8579528 0 P 0
L 0.2091733 0.8166142 0.2308268 0.8166142 0 P 0
L 0.2091733 0.8579528 0.2308268 0.8579528 0 P 0
L 0.216811 0.9283464 0.216811 0.9716535 0 P 0
L 0.218189 0.7290945 0.218189 0.7724016 0 P 0
L 0.218189 0.7290945 0.241811 0.7290945 0 P 0
L 0.218189 0.7724016 0.241811 0.7724016 0 P 0
L 0.2308268 0.8166142 0.2308268 0.8579528 0 P 0
L 0.2337008 1.4949213 0.2337008 1.7350788 0 P 0
L 0.2337008 1.4949213 0.4462992 1.4949213 0 P 0
L 0.2337008 1.7350788 0.4462992 1.7350788 0 P 0
L 0.241811 0.7290945 0.241811 0.7724016 0 P 0
L 0.2491733 0.8166142 0.2491733 0.8579528 0 P 0
L 0.2491733 0.8166142 0.2708268 0.8166142 0 P 0
L 0.2491733 0.8579528 0.2708268 0.8579528 0 P 0
L 0.2629528 1.9335039 0.2629528 1.9964961 0 P 0
L 0.268189 0.9283465 0.268189 0.9716536 0 P 0
L 0.268189 0.9283465 0.291811 0.9283465 0 P 0
L 0.268189 0.9716536 0.291811 0.9716536 0 P 0
L 0.2691733 0.7316142 0.2691733 0.7729528 0 P 0
L 0.2691733 0.7316142 0.2908268 0.7316142 0 P 0
L 0.2691733 0.7729528 0.2908268 0.7729528 0 P 0
L 0.2708268 0.8166142 0.2708268 0.8579528 0 P 0
L 0.2725984 0.813189 0.2725984 0.836811 0 P 0
L 0.2725984 0.813189 0.3159055 0.813189 0 P 0
L 0.2725984 0.836811 0.3159055 0.836811 0 P 0
L 0.2908268 0.7316142 0.2908268 0.7729528 0 P 0
L 0.291811 0.9283465 0.291811 0.9716536 0 P 0
L 0.3031496 0.4081496 0.3031496 0.8018504 0 P 0
L 0.3031496 0.4081496 0.6968504 0.4081496 0 P 0
L 0.3031496 0.8018504 0.6968504 0.8018504 0 P 0
L 0.3159055 0.813189 0.3159055 0.836811 0 P 0
L 0.3533464 0.293189 0.3533464 0.316811 0 P 0
L 0.3533464 0.293189 0.3966535 0.293189 0 P 0
L 0.3533464 0.316811 0.3966535 0.316811 0 P 0
L 0.3683464 0.328189 0.3683464 0.351811 0 P 0
L 0.3683464 0.328189 0.4116535 0.328189 0 P 0
L 0.3683464 0.351811 0.4116535 0.351811 0 P 0
L 0.3966535 0.293189 0.3966535 0.316811 0 P 0
L 0.3970472 0.2091732 0.3970472 0.2308267 0 P 0
L 0.3970472 0.2091732 0.4383858 0.2091732 0 P 0
L 0.3970472 0.2308267 0.4383858 0.2308267 0 P 0
L 0.4116535 0.328189 0.4116535 0.351811 0 P 0
L 0.4130709 0.2728906 0.4130709 0.3831268 0 P 0
L 0.4130709 0.2728906 0.5469291 0.2728906 0 P 0
L 0.4130709 0.3831268 0.5469291 0.3831268 0 P 0
L 0.4206299 0.3989537 0.4206299 0.5170639 0 P 0
L 0.4206299 0.3989537 0.4993701 0.3989537 0 P 0
L 0.4206299 0.5170639 0.4993701 0.5170639 0 P 0
L 0.4233464 0.528189 0.4233464 0.551811 0 P 0
L 0.4233464 0.528189 0.4666535 0.528189 0 P 0
L 0.4233464 0.551811 0.4666535 0.551811 0 P 0
L 0.4383858 0.2091732 0.4383858 0.2308267 0 P 0
L 0.4462992 1.4949213 0.4462992 1.7350788 0 P 0
L 0.4666535 0.528189 0.4666535 0.551811 0 P 0
L 0.473189 0.8683464 0.473189 0.9116535 0 P 0
L 0.473189 0.8683464 0.496811 0.8683464 0 P 0
L 0.473189 0.9116535 0.496811 0.9116535 0 P 0
L 0.473189 0.9283465 0.473189 0.9716536 0 P 0
L 0.473189 0.9283465 0.496811 0.9283465 0 P 0
L 0.473189 0.9716536 0.496811 0.9716536 0 P 0
L 0.4766141 0.2091732 0.4766141 0.2308267 0 P 0
L 0.4766141 0.2091732 0.5179527 0.2091732 0 P 0
L 0.4766141 0.2308267 0.5179527 0.2308267 0 P 0
L 0.4943307 1.4691733 0.4943307 1.4908268 0 P 0
L 0.4943307 1.4691733 0.5356693 1.4691733 0 P 0
L 0.4943307 1.4908268 0.5356693 1.4908268 0 P 0
L 0.4943307 1.5091732 0.4943307 1.5308267 0 P 0
L 0.4943307 1.5091732 0.5356693 1.5091732 0 P 0
L 0.4943307 1.5308267 0.5356693 1.5308267 0 P 0
L 0.496811 0.8683464 0.496811 0.9116535 0 P 0
L 0.496811 0.9283465 0.496811 0.9716536 0 P 0
L 0.4993701 0.3989537 0.4993701 0.5170639 0 P 0
L 0.5169852 1.1189763 0.5169852 1.2410236 0 P 0
L 0.5169852 1.1189763 0.6390324 1.1189763 0 P 0
L 0.5169852 1.2410236 0.6390324 1.2410236 0 P 0
L 0.5179527 0.2091732 0.5179527 0.2308267 0 P 0
L 0.523189 0.4763552 0.523189 0.5196623 0 P 0
L 0.523189 0.4763552 0.546811 0.4763552 0 P 0
L 0.523189 0.5196623 0.546811 0.5196623 0 P 0
L 0.5243307 1.4291733 0.5243307 1.4508268 0 P 0
L 0.5243307 1.4291733 0.5656693 1.4291733 0 P 0
L 0.5243307 1.4508268 0.5656693 1.4508268 0 P 0
L 0.5356693 1.4691733 0.5356693 1.4908268 0 P 0
L 0.5356693 1.5091732 0.5356693 1.5308267 0 P 0
L 0.546811 0.4763552 0.546811 0.5196623 0 P 0
L 0.5469291 0.2728906 0.5469291 0.3831268 0 P 0
L 0.5583465 1.033189 0.5583465 1.056811 0 P 0
L 0.5583465 1.033189 0.6016536 1.033189 0 P 0
L 0.5583465 1.056811 0.6016536 1.056811 0 P 0
L 0.5656693 1.4291733 0.5656693 1.4508268 0 P 0
L 0.573189 0.8690945 0.573189 0.9124016 0 P 0
L 0.573189 0.8690945 0.596811 0.8690945 0 P 0
L 0.573189 0.9124016 0.596811 0.9124016 0 P 0
L 0.5768504 0.283189 0.5768504 0.4170472 0 P 0
L 0.5768504 0.283189 0.6831496 0.283189 0 P 0
L 0.5768504 0.4170472 0.6831496 0.4170472 0 P 0
L 0.5893307 1.0241732 0.5893307 1.0458267 0 P 0
L 0.5893307 1.0241732 0.6306693 1.0241732 0 P 0
L 0.5893307 1.0458267 0.6306693 1.0458267 0 P 0
L 0.5893307 1.0641733 0.5893307 1.0858268 0 P 0
L 0.5893307 1.0641733 0.6306693 1.0641733 0 P 0
L 0.5893307 1.0858268 0.6306693 1.0858268 0 P 0
L 0.596811 0.8690945 0.596811 0.9124016 0 P 0
L 0.6016536 1.033189 0.6016536 1.056811 0 P 0
L 0.6055511 1.4212991 0.6055511 1.4587007 0 P 0
L 0.6055511 1.4212991 0.6744488 1.4212991 0 P 0
L 0.6055511 1.4587007 0.6744488 1.4587007 0 P 0
L 0.607182 1.1693307 0.607182 1.2106693 0 P 0
L 0.607182 1.1693307 0.6288355 1.1693307 0 P 0
L 0.607182 1.2106693 0.6288355 1.2106693 0 P 0
L 0.6233464 1.478189 0.6233464 1.501811 0 P 0
L 0.6233464 1.478189 0.6666535 1.478189 0 P 0
L 0.6233464 1.501811 0.6666535 1.501811 0 P 0
L 0.6270472 1.9335039 0.6270472 1.9964961 0 P 0
L 0.6270472 1.9335039 0.7329528 1.9335039 0 P 0
L 0.6270472 1.9964961 0.7329528 1.9964961 0 P 0
L 0.6288355 1.1693307 0.6288355 1.2106693 0 P 0
L 0.6306693 1.0241732 0.6306693 1.0458267 0 P 0
L 0.6306693 1.0641733 0.6306693 1.0858268 0 P 0
L 0.6390324 1.1189763 0.6390324 1.2410236 0 P 0
L 0.6666535 1.478189 0.6666535 1.501811 0 P 0
L 0.6744488 1.4212991 0.6744488 1.4587007 0 P 0
L 0.6831496 0.283189 0.6831496 0.4170472 0 P 0
L 0.6968504 0.4081496 0.6968504 0.8018504 0 P 0
L 0.7037009 1.4949213 0.7037009 1.7350788 0 P 0
L 0.7037009 1.4949213 0.9162993 1.4949213 0 P 0
L 0.7037009 1.7350788 0.9162993 1.7350788 0 P 0
L 0.7243307 0.4991734 0.7243307 0.5208269 0 P 0
L 0.7243307 0.4991734 0.7656693 0.4991734 0 P 0
L 0.7243307 0.5208269 0.7656693 0.5208269 0 P 0
L 0.7329528 1.9335039 0.7329528 1.9964961 0 P 0
L 0.7561978 0.4783464 0.7561978 0.5216535 0 P 0
L 0.7561978 0.4783464 0.7798198 0.4783464 0 P 0
L 0.7561978 0.5216535 0.7798198 0.5216535 0 P 0
L 0.7656693 0.4991734 0.7656693 0.5208269 0 P 0
L 0.7663552 0.538189 0.7663552 0.561811 0 P 0
L 0.7663552 0.538189 0.8096623 0.538189 0 P 0
L 0.7663552 0.561811 0.8096623 0.561811 0 P 0
L 0.768189 0.7090945 0.768189 0.7524016 0 P 0
L 0.768189 0.7090945 0.791811 0.7090945 0 P 0
L 0.768189 0.7524016 0.791811 0.7524016 0 P 0
L 0.7683464 0.443189 0.7683464 0.466811 0 P 0
L 0.7683464 0.443189 0.8116535 0.443189 0 P 0
L 0.7683464 0.466811 0.8116535 0.466811 0 P 0
L 0.7798198 0.4783464 0.7798198 0.5216535 0 P 0
L 0.791811 0.7090945 0.791811 0.7524016 0 P 0
L 0.7943307 0.4991731 0.7943307 0.5208266 0 P 0
L 0.7943307 0.4991731 0.8356693 0.4991731 0 P 0
L 0.7943307 0.5208266 0.8356693 0.5208266 0 P 0
L 0.7991733 0.8243307 0.7991733 0.8656693 0 P 0
L 0.7991733 0.8243307 0.8208268 0.8243307 0 P 0
L 0.7991733 0.8656693 0.8208268 0.8656693 0 P 0
L 0.8096623 0.538189 0.8096623 0.561811 0 P 0
L 0.8116535 0.443189 0.8116535 0.466811 0 P 0
L 0.8191732 0.6943307 0.8191732 0.7356693 0 P 0
L 0.8191732 0.6943307 0.8408267 0.6943307 0 P 0
L 0.8191732 0.7356693 0.8408267 0.7356693 0 P 0
L 0.8208268 0.8243307 0.8208268 0.8656693 0 P 0
L 0.8356693 0.4991731 0.8356693 0.5208266 0 P 0
L 0.8408267 0.6943307 0.8408267 0.7356693 0 P 0
L 0.8474774 0.8001969 0.8474774 0.8498032 0 P 0
L 0.8474774 0.8001969 0.9340915 0.8001969 0 P 0
L 0.8474774 0.8498032 0.9340915 0.8498032 0 P 0
L 0.848189 0.1933465 0.848189 0.2366536 0 P 0
L 0.848189 0.1933465 0.871811 0.1933465 0 P 0
L 0.848189 0.2366536 0.871811 0.2366536 0 P 0
L 0.871811 0.1933465 0.871811 0.2366536 0 P 0
L 0.8851969 0.6616929 0.8851969 0.748307 0 P 0
L 0.8851969 0.6616929 0.9348032 0.6616929 0 P 0
L 0.8851969 0.748307 0.9348032 0.748307 0 P 0
L 0.9162993 1.4949213 0.9162993 1.7350788 0 P 0
L 0.9255511 0.1559448 0.9255511 0.2740551 0 P 0
L 0.9255511 0.1559448 0.9944488 0.1559448 0 P 0
L 0.9255511 0.2740551 0.9944488 0.2740551 0 P 0
L 0.9340915 0.8001969 0.9340915 0.8498032 0 P 0
L 0.9343307 0.1091732 0.9343307 0.1308267 0 P 0
L 0.9343307 0.1091732 0.9756693 0.1091732 0 P 0
L 0.9343307 0.1308267 0.9756693 0.1308267 0 P 0
L 0.9348032 0.6616929 0.9348032 0.748307 0 P 0
L 0.9643307 1.4691733 0.9643307 1.4908268 0 P 0
L 0.9643307 1.4691733 1.0056693 1.4691733 0 P 0
L 0.9643307 1.4908268 1.0056693 1.4908268 0 P 0
L 0.9643307 1.5091732 0.9643307 1.5308267 0 P 0
L 0.9643307 1.5091732 1.0056693 1.5091732 0 P 0
L 0.9643307 1.5308267 1.0056693 1.5308267 0 P 0
L 0.9756693 0.1091732 0.9756693 0.1308267 0 P 0
L 0.9869852 1.1189763 0.9869852 1.2410236 0 P 0
L 0.9869852 1.1189763 1.1090324 1.1189763 0 P 0
L 0.9869852 1.2410236 1.1090324 1.2410236 0 P 0
L 0.9891733 0.8020472 0.9891733 0.8433858 0 P 0
L 0.9891733 0.8020472 1.0108268 0.8020472 0 P 0
L 0.9891733 0.8433858 1.0108268 0.8433858 0 P 0
L 0.993189 0.8980907 0.993189 0.9413978 0 P 0
L 0.993189 0.8980907 1.016811 0.8980907 0 P 0
L 0.993189 0.9413978 1.016811 0.9413978 0 P 0
L 0.9943307 1.4291733 0.9943307 1.4508268 0 P 0
L 0.9943307 1.4291733 1.0356693 1.4291733 0 P 0
L 0.9943307 1.4508268 1.0356693 1.4508268 0 P 0
L 0.9944488 0.1559448 0.9944488 0.2740551 0 P 0
L 1.0033464 0.8579332 1.0033464 0.8815552 0 P 0
L 1.0033464 0.8579332 1.0466535 0.8579332 0 P 0
L 1.0033464 0.8815552 1.0466535 0.8815552 0 P 0
L 1.0056693 1.4691733 1.0056693 1.4908268 0 P 0
L 1.0056693 1.5091732 1.0056693 1.5308267 0 P 0
L 1.0108268 0.8020472 1.0108268 0.8433858 0 P 0
L 1.016811 0.8980907 1.016811 0.9413978 0 P 0
L 1.0283465 1.033189 1.0283465 1.056811 0 P 0
L 1.0283465 1.033189 1.0716536 1.033189 0 P 0
L 1.0283465 1.056811 1.0716536 1.056811 0 P 0
L 1.0291733 0.7990749 1.0291733 0.8404135 0 P 0
L 1.0291733 0.7990749 1.0508268 0.7990749 0 P 0
L 1.0291733 0.8404135 1.0508268 0.8404135 0 P 0
L 1.0291733 0.8990749 1.0291733 0.9404135 0 P 0
L 1.0291733 0.8990749 1.0508268 0.8990749 0 P 0
L 1.0291733 0.9404135 1.0508268 0.9404135 0 P 0
L 1.0356693 1.4291733 1.0356693 1.4508268 0 P 0
L 1.0466535 0.8579332 1.0466535 0.8815552 0 P 0
L 1.0508268 0.7990749 1.0508268 0.8404135 0 P 0
L 1.0508268 0.8990749 1.0508268 0.9404135 0 P 0
L 1.0716536 1.033189 1.0716536 1.056811 0 P 0
L 1.0755511 1.4212991 1.0755511 1.4587007 0 P 0
L 1.0755511 1.4212991 1.1444488 1.4212991 0 P 0
L 1.0755511 1.4587007 1.1444488 1.4587007 0 P 0
L 1.077182 1.1693307 1.077182 1.2106693 0 P 0
L 1.077182 1.1693307 1.0988355 1.1693307 0 P 0
L 1.077182 1.2106693 1.0988355 1.2106693 0 P 0
L 1.0933464 1.478189 1.0933464 1.501811 0 P 0
L 1.0933464 1.478189 1.1366535 1.478189 0 P 0
L 1.0933464 1.501811 1.1366535 1.501811 0 P 0
L 1.0970472 1.9335039 1.0970472 1.9964961 0 P 0
L 1.0970472 1.9335039 1.2029528 1.9335039 0 P 0
L 1.0970472 1.9964961 1.2029528 1.9964961 0 P 0
L 1.0988355 1.1693307 1.0988355 1.2106693 0 P 0
L 1.0998819 0.8230709 1.0998819 0.9569292 0 P 0
L 1.0998819 0.8230709 1.2101181 0.8230709 0 P 0
L 1.0998819 0.9569292 1.2101181 0.9569292 0 P 0
L 1.1090324 1.1189763 1.1090324 1.2410236 0 P 0
L 1.1291733 0.9643307 1.1291733 1.0056693 0 P 0
L 1.1291733 0.9643307 1.1508268 0.9643307 0 P 0
L 1.1291733 1.0056693 1.1508268 1.0056693 0 P 0
L 1.1366535 1.478189 1.1366535 1.501811 0 P 0
L 1.1444488 1.4212991 1.1444488 1.4587007 0 P 0
L 1.1508268 0.9643307 1.1508268 1.0056693 0 P 0
L 1.1644291 0.5387009 1.1644291 0.7512993 0 P 0
L 1.1644291 0.5387009 1.4045866 0.5387009 0 P 0
L 1.1644291 0.7512993 1.4045866 0.7512993 0 P 0
L 1.168189 0.9633464 1.168189 1.0066535 0 P 0
L 1.168189 0.9633464 1.191811 0.9633464 0 P 0
L 1.168189 1.0066535 1.191811 1.0066535 0 P 0
L 1.1737009 1.4949213 1.1737009 1.7350788 0 P 0
L 1.1737009 1.4949213 1.3862993 1.4949213 0 P 0
L 1.1737009 1.7350788 1.3862993 1.7350788 0 P 0
L 1.191811 0.9633464 1.191811 1.0066535 0 P 0
L 1.2029528 1.9335039 1.2029528 1.9964961 0 P 0
L 1.2091732 0.9643307 1.2091732 1.0056693 0 P 0
L 1.2091732 0.9643307 1.2308267 0.9643307 0 P 0
L 1.2091732 1.0056693 1.2308267 1.0056693 0 P 0
L 1.2101181 0.8230709 1.2101181 0.9569292 0 P 0
L 1.2189764 0.8139765 1.2189764 0.9360237 0 P 0
L 1.2189764 0.8139765 1.3410236 0.8139765 0 P 0
L 1.2189764 0.9360237 1.3410236 0.9360237 0 P 0
L 1.2248819 0.8230709 1.2248819 0.9569292 0 P 0
L 1.2248819 0.8230709 1.3351181 0.8230709 0 P 0
L 1.2248819 0.9569292 1.3351181 0.9569292 0 P 0
L 1.2308267 0.9643307 1.2308267 1.0056693 0 P 0
L 1.2655512 0.9762993 1.2655512 1.0137009 0 P 0
L 1.2655512 0.9762993 1.3344489 0.9762993 0 P 0
L 1.2655512 1.0137009 1.3344489 1.0137009 0 P 0
L 1.2920472 0.3885039 1.2920472 0.4514961 0 P 0
L 1.2920472 0.3885039 1.3979528 0.3885039 0 P 0
L 1.2920472 0.4514961 1.3979528 0.4514961 0 P 0
L 1.2920472 0.4635039 1.2920472 0.5264961 0 P 0
L 1.2920472 0.4635039 1.3979528 0.4635039 0 P 0
L 1.2920472 0.5264961 1.3979528 0.5264961 0 P 0
L 1.3344489 0.9762993 1.3344489 1.0137009 0 P 0
L 1.3351181 0.8230709 1.3351181 0.9569292 0 P 0
L 1.3410236 0.8139765 1.3410236 0.9360237 0 P 0
L 1.349567 0.836063 1.349567 0.9699213 0 P 0
L 1.349567 0.836063 1.4204331 0.836063 0 P 0
L 1.349567 0.9699213 1.4204331 0.9699213 0 P 0
L 1.3762993 0.9520472 1.3762993 1.0209449 0 P 0
L 1.3762993 0.9520472 1.4137008 0.9520472 0 P 0
L 1.3762993 1.0209449 1.4137008 1.0209449 0 P 0
L 1.3862993 1.4949213 1.3862993 1.7350788 0 P 0
L 1.3979528 0.3885039 1.3979528 0.4514961 0 P 0
L 1.3979528 0.4635039 1.3979528 0.5264961 0 P 0
L 1.4045866 0.5387009 1.4045866 0.7512993 0 P 0
L 1.4137008 0.9520472 1.4137008 1.0209449 0 P 0
L 1.4204331 0.836063 1.4204331 0.9699213 0 P 0
P 0.1500001 1.7017077 1 P 0 0
