#Layer_Color=32768
#
#Feature symbol names
#
$0 r3.937
$1 r1.9685

#
#Feature attribute names
#

#
#Layer features
#
L 0.014252 1.1435039 0.014252 1.206496 1 P 0
L 0.014252 1.1435039 0.0457481 1.1435039 1 P 0
L 0.014252 1.206496 0.0457481 1.206496 1 P 0
L 0.0183464 0.449567 0.0183464 0.5401181 1 P 0
L 0.0183464 0.449567 0.0616535 0.449567 1 P 0
L 0.0183464 0.5401181 0.0616535 0.5401181 1 P 0
L 0.0191733 1.175 0.0408268 1.175 1 P 0
L 0.0212992 0.4948426 0.0587008 0.4948426 1 P 0
L 0.024252 0.283504 0.024252 0.3464961 1 P 0
L 0.024252 0.283504 0.0557481 0.283504 1 P 0
L 0.024252 0.3464961 0.0557481 0.3464961 1 P 0
L 0.024252 0.368504 0.024252 0.4314961 1 P 0
L 0.024252 0.368504 0.0557481 0.368504 1 P 0
L 0.024252 0.4314961 0.0557481 0.4314961 1 P 0
L 0.0291733 0.315 0.0508268 0.315 1 P 0
L 0.0291733 0.4 0.0508268 0.4 1 P 0
L 0.03 1.1641732 0.03 1.1858267 1 P 0
L 0.0347245 1.4183465 0.0347245 1.4616536 1 P 0
L 0.0347245 1.4183465 0.1252756 1.4183465 1 P 0
L 0.0347245 1.4616536 0.1252756 1.4616536 1 P 0
L 0.0370866 0.9345669 0.0370866 1.0054331 1 P 0
L 0.0370866 0.9345669 0.1729133 0.9345669 1 P 0
L 0.0370866 1.0054331 0.1729133 1.0054331 1 P 0
L 0.04 0.3041733 0.04 0.3258268 1 P 0
L 0.04 0.3891733 0.04 0.4108268 1 P 0
L 0.04 0.4761418 0.04 0.5135433 1 P 0
L 0.0430482 1.0677953 0.0430482 1.2922048 1 P 0
L 0.0430482 1.0677953 0.1729695 1.0677953 1 P 0
L 0.0430482 1.2922048 0.1729695 1.2922048 1 P 0
L 0.0457481 1.1435039 0.0457481 1.206496 1 P 0
L 0.0492519 1.143504 0.0492519 1.2064961 1 P 0
L 0.0492519 1.143504 0.080748 1.143504 1 P 0
L 0.0492519 1.2064961 0.080748 1.2064961 1 P 0
L 0.0541732 1.175 0.0758267 1.175 1 P 0
L 0.0557481 0.283504 0.0557481 0.3464961 1 P 0
L 0.0557481 0.368504 0.0557481 0.4314961 1 P 0
L 0.0612993 1.4400001 0.0987008 1.4400001 1 P 0
L 0.0616535 0.449567 0.0616535 0.5401181 1 P 0
L 0.065 1.1641733 0.065 1.1858268 1 P 0
L 0.078504 0.4442519 0.078504 0.475748 1 P 0
L 0.078504 0.4442519 0.1414961 0.4442519 1 P 0
L 0.078504 0.475748 0.1414961 0.475748 1 P 0
L 0.078504 1.029252 0.078504 1.0607481 1 P 0
L 0.078504 1.029252 0.1414961 1.029252 1 P 0
L 0.078504 1.0607481 0.1414961 1.0607481 1 P 0
L 0.0800001 1.4212993 0.0800001 1.4587009 1 P 0
L 0.080748 1.143504 0.080748 1.2064961 1 P 0
L 0.0850394 1.5069291 0.0850394 1.7431496 1 P 0
L 0.0850394 1.5069291 0.2149606 1.5069291 1 P 0
L 0.0850394 1.7431496 0.2149606 1.7431496 1 P 0
L 0.0853149 0.97 0.124685 0.97 0 P 0
L 0.0853149 1.32 0.124685 1.32 0 P 0
L 0.0883238 1.1800001 0.1276939 1.1800001 0 P 0
L 0.098189 1.045 0.1218111 1.045 1 P 0
L 0.0991733 0.46 0.1208268 0.46 1 P 0
L 0.105 0.950315 0.105 0.989685 0 P 0
L 0.105 1.300315 0.105 1.3396851 0 P 0
L 0.1080089 1.160315 0.1080089 1.1996851 0 P 0
L 0.11 0.4491732 0.11 0.4708267 1 P 0
L 0.11 1.033189 0.11 1.056811 1 P 0
L 0.1237795 1.9295669 0.1237795 2.0004331 1 P 0
L 0.1237795 1.9295669 0.2962205 1.9295669 1 P 0
L 0.1237795 2.0004331 0.2962205 2.0004331 1 P 0
L 0.1247244 1.4183464 0.1247244 1.4616535 1 P 0
L 0.1247244 1.4183464 0.2152755 1.4183464 1 P 0
L 0.1247244 1.4616535 0.2152755 1.4616535 1 P 0
L 0.1252756 1.4183465 0.1252756 1.4616536 1 P 0
L 0.130315 1.6250393 0.1696851 1.6250393 0 P 0
L 0.1337795 0.1945669 0.1337795 0.2654331 1 P 0
L 0.1337795 0.1945669 0.3062205 0.1945669 1 P 0
L 0.1337795 0.2654331 0.3062205 0.2654331 1 P 0
L 0.1337795 0.2695669 0.1337795 0.3404331 1 P 0
L 0.1337795 0.2695669 0.3062205 0.2695669 1 P 0
L 0.1337795 0.3404331 0.3062205 0.3404331 1 P 0
L 0.138504 0.4442519 0.138504 0.475748 1 P 0
L 0.138504 0.4442519 0.2014961 0.4442519 1 P 0
L 0.138504 0.475748 0.2014961 0.475748 1 P 0
L 0.1392519 1.158504 0.1392519 1.2214961 1 P 0
L 0.1392519 1.158504 0.170748 1.158504 1 P 0
L 0.1392519 1.2214961 0.170748 1.2214961 1 P 0
L 0.1414961 0.4442519 0.1414961 0.475748 1 P 0
L 0.1414961 1.029252 0.1414961 1.0607481 1 P 0
L 0.1441732 1.19 0.1658267 1.19 1 P 0
L 0.15 1.6053543 0.15 1.6447244 0 P 0
L 0.1512992 1.4399999 0.1887007 1.4399999 1 P 0
L 0.155 1.1791733 0.155 1.2008268 1 P 0
L 0.1591733 0.46 0.1808268 0.46 1 P 0
L 0.1699999 1.4212991 0.1699999 1.4587007 1 P 0
L 0.17 0.4491732 0.17 0.4708267 1 P 0
L 0.170748 1.158504 0.170748 1.2214961 1 P 0
L 0.1729133 0.9345669 0.1729133 1.0054331 1 P 0
L 0.1729695 1.0677953 0.1729695 1.2922048 1 P 0
L 0.1785039 1.4892519 0.1785039 1.520748 1 P 0
L 0.1785039 1.4892519 0.241496 1.4892519 1 P 0
L 0.1785039 1.520748 0.241496 1.520748 1 P 0
L 0.189252 0.9135039 0.189252 0.976496 1 P 0
L 0.189252 0.9135039 0.2207481 0.9135039 1 P 0
L 0.189252 0.976496 0.2207481 0.976496 1 P 0
L 0.190315 1.965 0.229685 1.965 0 P 0
L 0.193189 0.945 0.216811 0.945 1 P 0
L 0.1991732 1.505 0.2208267 1.505 1 P 0
L 0.200315 0.23 0.239685 0.23 0 P 0
L 0.200315 0.305 0.239685 0.305 0 P 0
L 0.2014961 0.4442519 0.2014961 0.475748 1 P 0
L 0.205 0.9331889 0.205 0.956811 1 P 0
L 0.209252 0.8057874 0.209252 0.8687795 1 P 0
L 0.209252 0.8057874 0.2407481 0.8057874 1 P 0
L 0.209252 0.8687795 0.2407481 0.8687795 1 P 0
L 0.21 1.4941732 0.21 1.5158267 1 P 0
L 0.21 1.945315 0.21 1.984685 0 P 0
L 0.2141733 0.8372835 0.2358268 0.8372835 1 P 0
L 0.214252 0.658504 0.214252 0.7214961 1 P 0
L 0.214252 0.658504 0.2457481 0.658504 1 P 0
L 0.214252 0.7214961 0.2457481 0.7214961 1 P 0
L 0.2149606 1.5069291 0.2149606 1.7431496 1 P 0
L 0.2152755 1.4183464 0.2152755 1.4616535 1 P 0
L 0.2191733 0.69 0.2408268 0.69 1 P 0
L 0.2192519 0.719252 0.2192519 0.7822441 1 P 0
L 0.2192519 0.719252 0.250748 0.719252 1 P 0
L 0.2192519 0.7822441 0.250748 0.7822441 1 P 0
L 0.22 0.210315 0.22 0.249685 0 P 0
L 0.22 0.285315 0.22 0.324685 0 P 0
L 0.2207481 0.9135039 0.2207481 0.976496 1 P 0
L 0.223189 0.750748 0.246811 0.750748 1 P 0
L 0.225 0.8264567 0.225 0.8481102 1 P 0
L 0.23 0.6791733 0.23 0.7008268 1 P 0
L 0.2317324 1.4850788 0.2317324 1.7449213 1 P 0
L 0.2317324 1.4850788 0.4482678 1.4850788 1 P 0
L 0.2317324 1.7449213 0.4482678 1.7449213 1 P 0
L 0.235 0.738937 0.235 0.7625591 1 P 0
L 0.2407481 0.8057874 0.2407481 0.8687795 1 P 0
L 0.241496 1.4892519 0.241496 1.520748 1 P 0
L 0.244252 0.8057874 0.244252 0.8687795 1 P 0
L 0.244252 0.8057874 0.2757481 0.8057874 1 P 0
L 0.244252 0.8687795 0.2757481 0.8687795 1 P 0
L 0.2457481 0.658504 0.2457481 0.7214961 1 P 0
L 0.2480315 0.3530315 0.2480315 0.8569685 1 P 0
L 0.2480315 0.3530315 0.7519685 0.3530315 1 P 0
L 0.2480315 0.8569685 0.7519685 0.8569685 1 P 0
L 0.2491733 0.8372835 0.2708268 0.8372835 1 P 0
L 0.250748 0.719252 0.250748 0.7822441 1 P 0
L 0.257008 0.8092521 0.257008 0.8407482 1 P 0
L 0.257008 0.8092521 0.3200001 0.8092521 1 P 0
L 0.257008 0.8407482 0.3200001 0.8407482 1 P 0
L 0.26 0.8264567 0.26 0.8481102 1 P 0
L 0.264252 0.7207874 0.264252 0.7837795 1 P 0
L 0.264252 0.7207874 0.2957481 0.7207874 1 P 0
L 0.264252 0.7837795 0.2957481 0.7837795 1 P 0
L 0.264252 0.918504 0.264252 0.9814961 1 P 0
L 0.264252 0.918504 0.2957481 0.918504 1 P 0
L 0.264252 0.9814961 0.2957481 0.9814961 1 P 0
L 0.268189 0.95 0.291811 0.95 1 P 0
L 0.2691733 0.7522835 0.2908268 0.7522835 1 P 0
L 0.2757481 0.8057874 0.2757481 0.8687795 1 P 0
L 0.276693 0.8250001 0.3003151 0.8250001 1 P 0
L 0.28 0.7414567 0.28 0.7631102 1 P 0
L 0.28 0.938189 0.28 0.9618111 1 P 0
L 0.288504 0.8131891 0.288504 0.8368111 1 P 0
L 0.2957481 0.7207874 0.2957481 0.7837795 1 P 0
L 0.2957481 0.918504 0.2957481 0.9814961 1 P 0
L 0.2962205 1.9295669 0.2962205 2.0004331 1 P 0
L 0.2985039 0.1592519 0.2985039 0.190748 1 P 0
L 0.2985039 0.1592519 0.361496 0.1592519 1 P 0
L 0.2985039 0.190748 0.361496 0.190748 1 P 0
L 0.3038189 0.1888189 0.3038189 0.2911811 1 P 0
L 0.3038189 0.1888189 0.4061811 0.1888189 1 P 0
L 0.3038189 0.2911811 0.4061811 0.2911811 1 P 0
L 0.3062205 0.1945669 0.3062205 0.2654331 1 P 0
L 0.3062205 0.2695669 0.3062205 0.3404331 1 P 0
L 0.308504 0.289252 0.308504 0.3207481 1 P 0
L 0.308504 0.289252 0.3714961 0.289252 1 P 0
L 0.308504 0.3207481 0.3714961 0.3207481 1 P 0
L 0.3181889 0.175 0.341811 0.175 1 P 0
L 0.3200001 0.8092521 0.3200001 0.8407482 1 P 0
L 0.3203151 1.615 0.3596851 1.615 0 P 0
L 0.328189 0.305 0.3518111 0.305 1 P 0
L 0.33 0.163189 0.33 0.186811 1 P 0
L 0.335315 0.24 0.374685 0.24 0 P 0
L 0.34 0.293189 0.34 0.316811 1 P 0
L 0.3400001 1.595315 0.3400001 1.6346851 0 P 0
L 0.355 0.220315 0.355 0.259685 0 P 0
L 0.3585039 0.3242519 0.3585039 0.355748 1 P 0
L 0.3585039 0.3242519 0.421496 0.3242519 1 P 0
L 0.3585039 0.355748 0.421496 0.355748 1 P 0
L 0.361496 0.1592519 0.361496 0.190748 1 P 0
L 0.3714961 0.289252 0.3714961 0.3207481 1 P 0
L 0.3742519 0.0235039 0.3742519 0.086496 1 P 0
L 0.3742519 0.0235039 0.405748 0.0235039 1 P 0
L 0.3742519 0.086496 0.405748 0.086496 1 P 0
L 0.3781889 0.34 0.401811 0.34 1 P 0
L 0.3791732 0.055 0.4008267 0.055 1 P 0
L 0.39 0.0441732 0.39 0.0658267 1 P 0
L 0.39 0.328189 0.39 0.351811 1 P 0
L 0.4012598 0.2728906 0.4012598 0.3831268 1 P 0
L 0.4012598 0.2728906 0.5587401 0.2728906 1 P 0
L 0.4012598 0.3831268 0.5587401 0.3831268 1 P 0
L 0.4033071 0.3950167 0.4033071 0.5210009 1 P 0
L 0.4033071 0.3950167 0.5166929 0.3950167 1 P 0
L 0.4033071 0.5210009 0.5166929 0.5210009 1 P 0
L 0.405748 0.0235039 0.405748 0.086496 1 P 0
L 0.4061811 0.1888189 0.4061811 0.2911811 1 P 0
L 0.4135039 0.524252 0.4135039 0.5557481 1 P 0
L 0.4135039 0.524252 0.476496 0.524252 1 P 0
L 0.4135039 0.5557481 0.476496 0.5557481 1 P 0
L 0.4142519 0.158504 0.4142519 0.2214961 1 P 0
L 0.4142519 0.158504 0.445748 0.158504 1 P 0
L 0.4142519 0.2214961 0.445748 0.2214961 1 P 0
L 0.418189 0.19 0.441811 0.19 1 P 0
L 0.421496 0.3242519 0.421496 0.355748 1 P 0
L 0.4270867 0.2845669 0.4270867 0.3554331 1 P 0
L 0.4270867 0.2845669 0.5629134 0.2845669 1 P 0
L 0.4270867 0.3554331 0.5629134 0.3554331 1 P 0
L 0.43 0.178189 0.43 0.2018111 1 P 0
L 0.4331889 0.54 0.456811 0.54 1 P 0
L 0.440315 0.4580088 0.479685 0.4580088 0 P 0
L 0.445 0.528189 0.445 0.551811 1 P 0
L 0.445748 0.158504 0.445748 0.2214961 1 P 0
L 0.4482678 1.4850788 0.4482678 1.7449213 1 P 0
L 0.4542519 0.0235039 0.4542519 0.086496 1 P 0
L 0.4542519 0.0235039 0.485748 0.0235039 1 P 0
L 0.4542519 0.086496 0.485748 0.086496 1 P 0
L 0.4591732 0.055 0.4808267 0.055 1 P 0
L 0.46 0.4383238 0.46 0.4776938 0 P 0
L 0.460315 0.3280087 0.499685 0.3280087 0 P 0
L 0.4692519 0.933504 0.4692519 0.9964961 1 P 0
L 0.4692519 0.933504 0.500748 0.933504 1 P 0
L 0.4692519 0.9964961 0.500748 0.9964961 1 P 0
L 0.469252 0.8585039 0.469252 0.921496 1 P 0
L 0.469252 0.8585039 0.5007481 0.8585039 1 P 0
L 0.469252 0.921496 0.5007481 0.921496 1 P 0
L 0.47 0.0441732 0.47 0.0658267 1 P 0
L 0.473189 0.89 0.496811 0.89 1 P 0
L 0.473189 0.965 0.496811 0.965 1 P 0
L 0.475315 0.32 0.5146851 0.32 0 P 0
L 0.476496 0.524252 0.476496 0.5557481 1 P 0
L 0.48 0.3083237 0.48 0.3476937 0 P 0
L 0.4803149 0.605 0.519685 0.605 0 P 0
L 0.484252 1.1435039 0.484252 1.206496 1 P 0
L 0.484252 1.1435039 0.5157481 1.1435039 1 P 0
L 0.484252 1.206496 0.5157481 1.206496 1 P 0
L 0.485 0.8781889 0.485 0.901811 1 P 0
L 0.485 0.953189 0.485 0.9768111 1 P 0
L 0.485748 0.0235039 0.485748 0.086496 1 P 0
L 0.4891733 1.175 0.5108268 1.175 1 P 0
L 0.495 0.300315 0.495 0.339685 0 P 0
L 0.5 0.585315 0.5 0.6246851 0 P 0
L 0.5 1.1641732 0.5 1.1858267 1 P 0
L 0.500748 0.933504 0.500748 0.9964961 1 P 0
L 0.5007481 0.8585039 0.5007481 0.921496 1 P 0
L 0.5047245 1.4183465 0.5047245 1.4616536 1 P 0
L 0.5047245 1.4183465 0.5952756 1.4183465 1 P 0
L 0.5047245 1.4616536 0.5952756 1.4616536 1 P 0
L 0.5120867 0.2045669 0.5120867 0.2754331 1 P 0
L 0.5120867 0.2045669 0.6479134 0.2045669 1 P 0
L 0.5120867 0.2754331 0.6479134 0.2754331 1 P 0
L 0.5130482 1.0677953 0.5130482 1.2922048 1 P 0
L 0.5130482 1.0677953 0.6429695 1.0677953 1 P 0
L 0.5130482 1.2922048 0.6429695 1.2922048 1 P 0
L 0.5157481 1.1435039 0.5157481 1.206496 1 P 0
L 0.5166929 0.3950167 0.5166929 0.5210009 1 P 0
L 0.5192519 0.4665127 0.5192519 0.5295048 1 P 0
L 0.5192519 0.4665127 0.550748 0.4665127 1 P 0
L 0.5192519 0.5295048 0.550748 0.5295048 1 P 0
L 0.5192519 1.143504 0.5192519 1.2064961 1 P 0
L 0.5192519 1.143504 0.550748 1.143504 1 P 0
L 0.5192519 1.2064961 0.550748 1.2064961 1 P 0
L 0.523189 0.4980088 0.546811 0.4980088 1 P 0
L 0.5241732 1.175 0.5458267 1.175 1 P 0
L 0.5312993 1.4400001 0.5687008 1.4400001 1 P 0
L 0.5342519 0.0235039 0.5342519 0.086496 1 P 0
L 0.5342519 0.0235039 0.565748 0.0235039 1 P 0
L 0.5342519 0.086496 0.565748 0.086496 1 P 0
L 0.535 0.4861977 0.535 0.5098198 1 P 0
L 0.535 1.1641733 0.535 1.1858268 1 P 0
L 0.5391732 0.055 0.5608267 0.055 1 P 0
L 0.548504 1.029252 0.548504 1.0607481 1 P 0
L 0.548504 1.029252 0.6114961 1.029252 1 P 0
L 0.548504 1.0607481 0.6114961 1.0607481 1 P 0
L 0.55 0.0441732 0.55 0.0658267 1 P 0
L 0.5500001 1.4212993 0.5500001 1.4587009 1 P 0
L 0.550748 0.4665127 0.550748 0.5295048 1 P 0
L 0.550748 1.143504 0.550748 1.2064961 1 P 0
L 0.5553149 1.32 0.594685 1.32 0 P 0
L 0.5583238 1.1800001 0.5976939 1.1800001 0 P 0
L 0.5587401 0.2728906 0.5587401 0.3831268 1 P 0
L 0.560315 0.24 0.5996851 0.24 0 P 0
L 0.5629134 0.2845669 0.5629134 0.3554331 1 P 0
L 0.565748 0.0235039 0.565748 0.086496 1 P 0
L 0.568189 1.045 0.5918111 1.045 1 P 0
L 0.569252 0.859252 0.569252 0.9222441 1 P 0
L 0.569252 0.859252 0.6007481 0.859252 1 P 0
L 0.569252 0.9222441 0.6007481 0.9222441 1 P 0
L 0.573189 0.8907481 0.596811 0.8907481 1 P 0
L 0.5748819 0.271378 0.5748819 0.4288583 1 P 0
L 0.5748819 0.271378 0.6851181 0.271378 1 P 0
L 0.5748819 0.4288583 0.6851181 0.4288583 1 P 0
L 0.575 1.300315 0.575 1.3396851 0 P 0
L 0.5780089 1.160315 0.5780089 1.1996851 0 P 0
L 0.58 0.220315 0.58 0.259685 0 P 0
L 0.58 1.033189 0.58 1.056811 1 P 0
L 0.5835039 1.0592519 0.5835039 1.090748 1 P 0
L 0.5835039 1.0592519 0.646496 1.0592519 1 P 0
L 0.5835039 1.090748 0.646496 1.090748 1 P 0
L 0.583504 1.094252 0.583504 1.1257481 1 P 0
L 0.583504 1.094252 0.6464961 1.094252 1 P 0
L 0.583504 1.1257481 0.6464961 1.1257481 1 P 0
L 0.585 0.878937 0.585 0.9025591 1 P 0
L 0.5937795 1.9295669 0.5937795 2.0004331 1 P 0
L 0.5937795 1.9295669 0.7662205 1.9295669 1 P 0
L 0.5937795 2.0004331 0.7662205 2.0004331 1 P 0
L 0.5947244 1.4183464 0.5947244 1.4616535 1 P 0
L 0.5947244 1.4183464 0.6852755 1.4183464 1 P 0
L 0.5947244 1.4616535 0.6852755 1.4616535 1 P 0
L 0.5952756 1.4183465 0.5952756 1.4616536 1 P 0
L 0.6007481 0.859252 0.6007481 0.9222441 1 P 0
L 0.6041732 1.075 0.6258267 1.075 1 P 0
L 0.6041733 1.11 0.6258268 1.11 1 P 0
L 0.6092519 1.158504 0.6092519 1.2214961 1 P 0
L 0.6092519 1.158504 0.640748 1.158504 1 P 0
L 0.6092519 1.2214961 0.640748 1.2214961 1 P 0
L 0.610315 0.3501181 0.649685 0.3501181 0 P 0
L 0.6114961 1.029252 0.6114961 1.0607481 1 P 0
L 0.6141732 1.19 0.6358267 1.19 1 P 0
L 0.6142519 0.0235039 0.6142519 0.086496 1 P 0
L 0.6142519 0.0235039 0.645748 0.0235039 1 P 0
L 0.6142519 0.086496 0.645748 0.086496 1 P 0
L 0.615 1.0641732 0.615 1.0858267 1 P 0
L 0.615 1.0991733 0.615 1.1208268 1 P 0
L 0.6191732 0.055 0.6408267 0.055 1 P 0
L 0.6212992 1.4399999 0.6587007 1.4399999 1 P 0
L 0.625 1.1791733 0.625 1.2008268 1 P 0
L 0.63 0.0441732 0.63 0.0658267 1 P 0
L 0.63 0.3304331 0.63 0.3698031 0 P 0
L 0.6399999 1.4212991 0.6399999 1.4587007 1 P 0
L 0.640748 1.158504 0.640748 1.2214961 1 P 0
L 0.6429695 1.0677953 0.6429695 1.2922048 1 P 0
L 0.645748 0.0235039 0.645748 0.086496 1 P 0
L 0.646496 1.0592519 0.646496 1.090748 1 P 0
L 0.6464961 1.094252 0.6464961 1.1257481 1 P 0
L 0.6479134 0.2045669 0.6479134 0.2754331 1 P 0
L 0.6485039 1.4892519 0.6485039 1.520748 1 P 0
L 0.6485039 1.4892519 0.711496 1.4892519 1 P 0
L 0.6485039 1.520748 0.711496 1.520748 1 P 0
L 0.660315 1.965 0.699685 1.965 0 P 0
L 0.6691732 1.505 0.6908267 1.505 1 P 0
L 0.68 1.4941732 0.68 1.5158267 1 P 0
L 0.68 1.945315 0.68 1.984685 0 P 0
L 0.6851181 0.271378 0.6851181 0.4288583 1 P 0
L 0.6852755 1.4183464 0.6852755 1.4616535 1 P 0
L 0.7017324 1.4850788 0.7017324 1.7449213 1 P 0
L 0.7017324 1.4850788 0.9182678 1.4850788 1 P 0
L 0.7017324 1.7449213 0.9182678 1.7449213 1 P 0
L 0.711496 1.4892519 0.711496 1.520748 1 P 0
L 0.713504 0.479252 0.713504 0.5107481 1 P 0
L 0.713504 0.479252 0.7764961 0.479252 1 P 0
L 0.713504 0.5107481 0.7764961 0.5107481 1 P 0
L 0.7341733 0.495 0.7558268 0.495 1 P 0
L 0.745 0.4841733 0.745 0.5058268 1 P 0
L 0.7519685 0.3530315 0.7519685 0.8569685 1 P 0
L 0.7535039 0.5442519 0.7535039 0.575748 1 P 0
L 0.7535039 0.5442519 0.816496 0.5442519 1 P 0
L 0.7535039 0.575748 0.816496 0.575748 1 P 0
L 0.7542519 0.7535039 0.7542519 0.816496 1 P 0
L 0.7542519 0.7535039 0.785748 0.7535039 1 P 0
L 0.7542519 0.816496 0.785748 0.816496 1 P 0
L 0.754252 0.689252 0.754252 0.7522441 1 P 0
L 0.754252 0.689252 0.7857481 0.689252 1 P 0
L 0.754252 0.7522441 0.7857481 0.7522441 1 P 0
L 0.758189 0.7207481 0.781811 0.7207481 1 P 0
L 0.7585039 0.4242519 0.7585039 0.455748 1 P 0
L 0.7585039 0.4242519 0.821496 0.4242519 1 P 0
L 0.7585039 0.455748 0.821496 0.455748 1 P 0
L 0.7585039 0.4592519 0.7585039 0.490748 1 P 0
L 0.7585039 0.4592519 0.821496 0.4592519 1 P 0
L 0.7585039 0.490748 0.821496 0.490748 1 P 0
L 0.7591732 0.785 0.7808267 0.785 1 P 0
L 0.7662205 1.9295669 0.7662205 2.0004331 1 P 0
L 0.7685039 0.844252 0.7685039 0.8757481 1 P 0
L 0.7685039 0.844252 0.831496 0.844252 1 P 0
L 0.7685039 0.8757481 0.831496 0.8757481 1 P 0
L 0.77 0.708937 0.77 0.7325591 1 P 0
L 0.77 0.7741732 0.77 0.7958267 1 P 0
L 0.7731889 0.56 0.796811 0.56 1 P 0
L 0.7764961 0.479252 0.7764961 0.5107481 1 P 0
L 0.7781889 0.44 0.801811 0.44 1 P 0
L 0.7781889 0.475 0.801811 0.475 1 P 0
L 0.7835039 0.4792519 0.7835039 0.510748 1 P 0
L 0.7835039 0.4792519 0.846496 0.4792519 1 P 0
L 0.7835039 0.510748 0.846496 0.510748 1 P 0
L 0.785 0.548189 0.785 0.571811 1 P 0
L 0.785748 0.7535039 0.785748 0.816496 1 P 0
L 0.7857481 0.689252 0.7857481 0.7522441 1 P 0
L 0.7891732 0.86 0.8108267 0.86 1 P 0
L 0.79 0.428189 0.79 0.451811 1 P 0
L 0.79 0.463189 0.79 0.486811 1 P 0
L 0.7903151 1.615 0.8296851 1.615 0 P 0
L 0.7970866 0.6568503 0.7970866 0.7631496 1 P 0
L 0.7970866 0.6568503 0.9329134 0.6568503 1 P 0
L 0.7970866 0.7631496 0.9329134 0.7631496 1 P 0
L 0.8 0.8491733 0.8 0.8708268 1 P 0
L 0.8041732 0.495 0.8258267 0.495 1 P 0
L 0.8100001 1.595315 0.8100001 1.6346851 0 P 0
L 0.815 0.4841732 0.815 0.5058267 1 P 0
L 0.816496 0.5442519 0.816496 0.575748 1 P 0
L 0.821496 0.4242519 0.821496 0.455748 1 P 0
L 0.821496 0.4592519 0.821496 0.490748 1 P 0
L 0.831496 0.844252 0.831496 0.8757481 1 P 0
L 0.8318504 0.7570866 0.8318504 0.8929134 1 P 0
L 0.8318504 0.7570866 0.9381497 0.7570866 1 P 0
L 0.8318504 0.8929134 0.9381497 0.8929134 1 P 0
L 0.8342519 0.188504 0.8342519 0.2514961 1 P 0
L 0.8342519 0.188504 0.865748 0.188504 1 P 0
L 0.8342519 0.2514961 0.865748 0.2514961 1 P 0
L 0.838189 0.22 0.861811 0.22 1 P 0
L 0.845315 0.71 0.8846851 0.71 0 P 0
L 0.846496 0.4792519 0.846496 0.510748 1 P 0
L 0.85 0.208189 0.85 0.2318111 1 P 0
L 0.8623228 0.1511023 0.8623228 0.2888976 1 P 0
L 0.8623228 0.1511023 1.0276771 0.1511023 1 P 0
L 0.8623228 0.2888976 1.0276771 0.2888976 1 P 0
L 0.865 0.6903149 0.865 0.729685 0 P 0
L 0.865315 0.825 0.9046851 0.825 0 P 0
L 0.865748 0.188504 0.865748 0.2514961 1 P 0
L 0.8785039 0.054252 0.8785039 0.0857481 1 P 0
L 0.8785039 0.054252 0.941496 0.054252 1 P 0
L 0.8785039 0.0857481 0.941496 0.0857481 1 P 0
L 0.885 0.805315 0.885 0.8446851 0 P 0
L 0.8991732 0.07 0.9208267 0.07 1 P 0
L 0.91 0.0591733 0.91 0.0808268 1 P 0
L 0.9182678 1.4850788 0.9182678 1.7449213 1 P 0
L 0.9253149 0.22 0.964685 0.22 0 P 0
L 0.9270867 0.7195669 0.9270867 0.7904331 1 P 0
L 0.9270867 0.7195669 1.0629134 0.7195669 1 P 0
L 0.9270867 0.7904331 1.0629134 0.7904331 1 P 0
L 0.9329134 0.6568503 0.9329134 0.7631496 1 P 0
L 0.9381497 0.7570866 0.9381497 0.8929134 1 P 0
L 0.941496 0.054252 0.941496 0.0857481 1 P 0
L 0.945 0.2003149 0.945 0.239685 0 P 0
L 0.954252 1.1435039 0.954252 1.206496 1 P 0
L 0.954252 1.1435039 0.9857481 1.1435039 1 P 0
L 0.954252 1.206496 0.9857481 1.206496 1 P 0
L 0.9591733 1.175 0.9808268 1.175 1 P 0
L 0.97 1.1641732 0.97 1.1858267 1 P 0
L 0.9747245 1.4183465 0.9747245 1.4616536 1 P 0
L 0.9747245 1.4183465 1.0652756 1.4183465 1 P 0
L 0.9747245 1.4616536 1.0652756 1.4616536 1 P 0
L 0.975315 0.755 1.0146851 0.755 0 P 0
L 0.9830482 1.0677953 0.9830482 1.2922048 1 P 0
L 0.9830482 1.0677953 1.1129695 1.0677953 1 P 0
L 0.9830482 1.2922048 1.1129695 1.2922048 1 P 0
L 0.984252 0.7912205 0.984252 0.8542126 1 P 0
L 0.984252 0.7912205 1.0157481 0.7912205 1 P 0
L 0.984252 0.8542126 1.0157481 0.8542126 1 P 0
L 0.9857481 1.1435039 0.9857481 1.206496 1 P 0
L 0.9891733 0.8227165 1.0108268 0.8227165 1 P 0
L 0.9892519 0.8882482 0.9892519 0.9512403 1 P 0
L 0.9892519 0.8882482 1.020748 0.8882482 1 P 0
L 0.9892519 0.9512403 1.020748 0.9512403 1 P 0
L 0.9892519 1.143504 0.9892519 1.2064961 1 P 0
L 0.9892519 1.143504 1.020748 1.143504 1 P 0
L 0.9892519 1.2064961 1.020748 1.2064961 1 P 0
L 0.993189 0.9197442 1.016811 0.9197442 1 P 0
L 0.9935039 0.8539961 0.9935039 0.8854922 1 P 0
L 0.9935039 0.8539961 1.056496 0.8539961 1 P 0
L 0.9935039 0.8854922 1.056496 0.8854922 1 P 0
L 0.9941732 1.175 1.0158267 1.175 1 P 0
L 0.995 0.735315 0.995 0.774685 0 P 0
L 1 0.8118898 1 0.8335433 1 P 0
L 1.0012993 1.4400001 1.0387008 1.4400001 1 P 0
L 1.005 0.9079332 1.005 0.9315553 1 P 0
L 1.005 1.1641733 1.005 1.1858268 1 P 0
L 1.0131889 0.8697442 1.036811 0.8697442 1 P 0
L 1.0157481 0.7912205 1.0157481 0.8542126 1 P 0
L 1.018504 1.029252 1.018504 1.0607481 1 P 0
L 1.018504 1.029252 1.0814961 1.029252 1 P 0
L 1.018504 1.0607481 1.0814961 1.0607481 1 P 0
L 1.0200001 1.4212993 1.0200001 1.4587009 1 P 0
L 1.020748 0.8882482 1.020748 0.9512403 1 P 0
L 1.020748 1.143504 1.020748 1.2064961 1 P 0
L 1.024252 0.7882482 1.024252 0.8512403 1 P 0
L 1.024252 0.7882482 1.0557481 0.7882482 1 P 0
L 1.024252 0.8512403 1.0557481 0.8512403 1 P 0
L 1.024252 0.8882482 1.024252 0.9512403 1 P 0
L 1.024252 0.8882482 1.0557481 0.8882482 1 P 0
L 1.024252 0.9512403 1.0557481 0.9512403 1 P 0
L 1.025 0.8579332 1.025 0.8815552 1 P 0
L 1.0253149 1.32 1.064685 1.32 0 P 0
L 1.0276771 0.1511023 1.0276771 0.2888976 1 P 0
L 1.0283238 1.1800001 1.0676939 1.1800001 0 P 0
L 1.0291733 0.8197442 1.0508268 0.8197442 1 P 0
L 1.0291733 0.9197442 1.0508268 0.9197442 1 P 0
L 1.038189 1.045 1.0618111 1.045 1 P 0
L 1.04 0.8089175 1.04 0.830571 1 P 0
L 1.04 0.9089175 1.04 0.930571 1 P 0
L 1.045 1.300315 1.045 1.3396851 0 P 0
L 1.0480089 1.160315 1.0480089 1.1996851 0 P 0
L 1.05 1.033189 1.05 1.056811 1 P 0
L 1.0557481 0.7882482 1.0557481 0.8512403 1 P 0
L 1.0557481 0.8882482 1.0557481 0.9512403 1 P 0
L 1.056496 0.8539961 1.056496 0.8854922 1 P 0
L 1.0629134 0.7195669 1.0629134 0.7904331 1 P 0
L 1.0637795 1.9295669 1.0637795 2.0004331 1 P 0
L 1.0637795 1.9295669 1.2362205 1.9295669 1 P 0
L 1.0637795 2.0004331 1.2362205 2.0004331 1 P 0
L 1.0647244 1.4183464 1.0647244 1.4616535 1 P 0
L 1.0647244 1.4183464 1.1552755 1.4183464 1 P 0
L 1.0647244 1.4616535 1.1552755 1.4616535 1 P 0
L 1.0652756 1.4183465 1.0652756 1.4616536 1 P 0
L 1.0792519 1.158504 1.0792519 1.2214961 1 P 0
L 1.0792519 1.158504 1.110748 1.158504 1 P 0
L 1.0792519 1.2214961 1.110748 1.2214961 1 P 0
L 1.0814961 1.029252 1.0814961 1.0607481 1 P 0
L 1.0841732 1.19 1.1058267 1.19 1 P 0
L 1.0912992 1.4399999 1.1287007 1.4399999 1 P 0
L 1.094252 0.368504 1.094252 0.4314961 1 P 0
L 1.094252 0.368504 1.1257481 0.368504 1 P 0
L 1.094252 0.4314961 1.1257481 0.4314961 1 P 0
L 1.095 1.1791733 1.095 1.2008268 1 P 0
L 1.0991733 0.4 1.1208268 0.4 1 P 0
L 1.099882 0.8112599 1.099882 0.9687402 1 P 0
L 1.099882 0.8112599 1.2101182 0.8112599 1 P 0
L 1.099882 0.9687402 1.2101182 0.9687402 1 P 0
L 1.1099999 1.4212991 1.1099999 1.4587007 1 P 0
L 1.11 0.3891733 1.11 0.4108268 1 P 0
L 1.110748 1.158504 1.110748 1.2214961 1 P 0
L 1.1129695 1.0677953 1.1129695 1.2922048 1 P 0
L 1.1185039 1.4892519 1.1185039 1.520748 1 P 0
L 1.1185039 1.4892519 1.181496 1.4892519 1 P 0
L 1.1185039 1.520748 1.181496 1.520748 1 P 0
L 1.124252 0.9535039 1.124252 1.016496 1 P 0
L 1.124252 0.9535039 1.1557481 0.9535039 1 P 0
L 1.124252 1.016496 1.1557481 1.016496 1 P 0
L 1.1257481 0.368504 1.1257481 0.4314961 1 P 0
L 1.1291733 0.985 1.1508268 0.985 1 P 0
L 1.130315 1.965 1.169685 1.965 0 P 0
L 1.1353151 0.89 1.1746851 0.89 0 P 0
L 1.1391732 1.505 1.1608267 1.505 1 P 0
L 1.14 0.9741732 1.14 0.9958267 1 P 0
L 1.15 1.4941732 1.15 1.5158267 1 P 0
L 1.15 1.945315 1.15 1.984685 0 P 0
L 1.1540158 0.8041339 1.1540158 0.9458662 1 P 0
L 1.1540158 0.8041339 1.4059843 0.8041339 1 P 0
L 1.1540158 0.9458662 1.4059843 0.9458662 1 P 0
L 1.1545866 0.5367324 1.1545866 0.7532678 1 P 0
L 1.1545866 0.5367324 1.4144291 0.5367324 1 P 0
L 1.1545866 0.7532678 1.4144291 0.7532678 1 P 0
L 1.1550001 0.870315 1.1550001 0.909685 0 P 0
L 1.1552755 1.4183464 1.1552755 1.4616535 1 P 0
L 1.1557481 0.9535039 1.1557481 1.016496 1 P 0
L 1.1642519 0.9535039 1.1642519 1.016496 1 P 0
L 1.1642519 0.9535039 1.195748 0.9535039 1 P 0
L 1.1642519 1.016496 1.195748 1.016496 1 P 0
L 1.168189 0.985 1.191811 0.985 1 P 0
L 1.1717324 1.4850788 1.1717324 1.7449213 1 P 0
L 1.1717324 1.4850788 1.3882678 1.4850788 1 P 0
L 1.1717324 1.7449213 1.3882678 1.7449213 1 P 0
L 1.174252 0.368504 1.174252 0.4314961 1 P 0
L 1.174252 0.368504 1.2057481 0.368504 1 P 0
L 1.174252 0.4314961 1.2057481 0.4314961 1 P 0
L 1.1791733 0.4 1.2008268 0.4 1 P 0
L 1.18 0.9731889 1.18 0.996811 1 P 0
L 1.181496 1.4892519 1.181496 1.520748 1 P 0
L 1.19 0.3891733 1.19 0.4108268 1 P 0
L 1.195748 0.9535039 1.195748 1.016496 1 P 0
L 1.2042519 0.953504 1.2042519 1.0164961 1 P 0
L 1.2042519 0.953504 1.235748 0.953504 1 P 0
L 1.2042519 1.0164961 1.235748 1.0164961 1 P 0
L 1.2057481 0.368504 1.2057481 0.4314961 1 P 0
L 1.2091732 0.985 1.2308267 0.985 1 P 0
L 1.2101182 0.8112599 1.2101182 0.9687402 1 P 0
L 1.22 0.9741733 1.22 0.9958268 1 P 0
L 1.224882 0.8112599 1.224882 0.9687402 1 P 0
L 1.224882 0.8112599 1.3351182 0.8112599 1 P 0
L 1.224882 0.9687402 1.3351182 0.9687402 1 P 0
L 1.235748 0.953504 1.235748 1.0164961 1 P 0
L 1.2362205 1.9295669 1.2362205 2.0004331 1 P 0
L 1.2547245 0.9733465 1.2547245 1.0166536 1 P 0
L 1.2547245 0.9733465 1.3452756 0.9733465 1 P 0
L 1.2547245 1.0166536 1.3452756 1.0166536 1 P 0
L 1.260315 0.8750001 1.2996851 0.8750001 0 P 0
L 1.2603151 0.89 1.2996851 0.89 0 P 0
L 1.2603151 1.615 1.2996851 1.615 0 P 0
L 1.2648228 0.6450001 1.3041929 0.6450001 0 P 0
L 1.28 0.855315 1.28 0.8946851 0 P 0
L 1.2800001 0.870315 1.2800001 0.909685 0 P 0
L 1.2800001 1.595315 1.2800001 1.6346851 0 P 0
L 1.2812993 0.9950001 1.3187008 0.9950001 1 P 0
L 1.2845078 0.6253151 1.2845078 0.6646851 0 P 0
L 1.3000001 0.9762993 1.3000001 1.0137009 1 P 0
L 1.3351182 0.8112599 1.3351182 0.9687402 1 P 0
L 1.3452756 0.9733465 1.3452756 1.0166536 1 P 0
L 1.3475985 0.824252 1.3475985 0.9817323 1 P 0
L 1.3475985 0.824252 1.4224016 0.824252 1 P 0
L 1.3475985 0.9817323 1.4224016 0.9817323 1 P 0
L 1.365315 0.9029921 1.4046851 0.9029921 0 P 0
L 1.3733464 0.9412205 1.3733464 1.0317716 1 P 0
L 1.3733464 0.9412205 1.4166535 0.9412205 1 P 0
L 1.3733464 1.0317716 1.4166535 1.0317716 1 P 0
L 1.3762991 0.9864961 1.4137007 0.9864961 1 P 0
L 1.385 0.8833071 1.385 0.9226771 0 P 0
L 1.3882678 1.4850788 1.3882678 1.7449213 1 P 0
L 1.3949999 0.9677953 1.3949999 1.0051968 1 P 0
L 1.4059843 0.8041339 1.4059843 0.9458662 1 P 0
L 1.4144291 0.5367324 1.4144291 0.7532678 1 P 0
L 1.4166535 0.9412205 1.4166535 1.0317716 1 P 0
L 1.4224016 0.824252 1.4224016 0.9817323 1 P 0
